-9.918905517470000177e+01 1.939559032980000097e+01
-9.918870661260000077e+01 1.939474763420000158e+01
-9.918867970629999320e+01 1.939467502629999984e+01
-9.918856925139999703e+01 1.939441516029999946e+01
-9.918845179390000055e+01 1.939412805579999954e+01
-9.918841437320000409e+01 1.939401828149999929e+01
-9.918839323560000309e+01 1.939391911659999934e+01
-9.918837247240000465e+01 1.939381735799999973e+01
-9.918836419350000710e+01 1.939363344510000076e+01
-9.918837028049999560e+01 1.939343812290000102e+01
-9.918841323489999695e+01 1.939323015180000098e+01
-9.918871229030000336e+01 1.939235189080000055e+01
-9.918881581940000558e+01 1.939201659820000145e+01
-9.918903757709999525e+01 1.939115069320000018e+01
-9.918931549289999339e+01 1.939009541129999903e+01
-9.918946975030000601e+01 1.938949743839999940e+01
-9.918949644849999459e+01 1.938939510790000043e+01
-9.918965787250000687e+01 1.938876856750000144e+01
-9.918980901380000148e+01 1.938820037820000053e+01
-9.918983867590000614e+01 1.938809067800000108e+01
-9.918998701440000332e+01 1.938752612760000105e+01
-9.919016614740000648e+01 1.938685266770000126e+01
-9.919033884220000630e+01 1.938618876869999852e+01
-9.919040205800000365e+01 1.938601055699999876e+01
-9.919083522120000396e+01 1.938502074750000048e+01
-9.919099804590000247e+01 1.938463920499999915e+01
-9.919132114619999641e+01 1.938388170160000001e+01
-9.919139161459999343e+01 1.938371654090000007e+01
-9.919167257159999451e+01 1.938302994389999867e+01
-9.919168521630000157e+01 1.938297457670000057e+01
-9.919169823090000193e+01 1.938291479720000154e+01
-9.919173374700000068e+01 1.938268083219999838e+01
-9.919174591860000589e+01 1.938163385280000028e+01
-9.919174798839999596e+01 1.938133916729999839e+01
-9.919175422909999895e+01 1.938083134860000101e+01
-9.919175485700000650e+01 1.938035815599999978e+01
-9.919175712390000399e+01 1.937963331199999928e+01
-9.919170485040000074e+01 1.937892942950000119e+01
-9.919169508980000671e+01 1.937879387959999988e+01
-9.919163951779999877e+01 1.937805826640000006e+01
-9.919163018759999773e+01 1.937788280430000043e+01
-9.919162551569999664e+01 1.937766899540000054e+01
-9.919163746469999410e+01 1.937741504679999949e+01
-9.919177420510000331e+01 1.937626457489999865e+01
-9.919179191519999961e+01 1.937612333539999909e+01
-9.919190788439999551e+01 1.937528408649999889e+01
-9.919205254839999952e+01 1.937424775579999903e+01
-9.919213439620000372e+01 1.937359800919999842e+01
-9.919214060999999560e+01 1.937340350739999906e+01
-9.919213679940000361e+01 1.937332428219999869e+01
-9.919211646910000013e+01 1.937319587189999837e+01
-9.919210177559999408e+01 1.937309750189999846e+01
-9.919200624709999659e+01 1.937281326909999990e+01
-9.919191860889999646e+01 1.937262803100000141e+01
-9.919182730830000594e+01 1.937241531909999992e+01
-9.919172576100000072e+01 1.937216000209999933e+01
-9.919167886980000048e+01 1.937199575769999882e+01
-9.919165546349999829e+01 1.937186962899999898e+01
-9.919164045099999782e+01 1.937165446139999858e+01
-9.919164704840000013e+01 1.937151112680000153e+01
-9.919174095270000180e+01 1.937068258060000048e+01
-9.919179985940000677e+01 1.937015098890000075e+01
-9.919181588329999499e+01 1.936996964309999925e+01
-9.919181341060000534e+01 1.936972953429999933e+01
-9.919179613059999667e+01 1.936947027129999910e+01
-9.919176271039999904e+01 1.936925186710000091e+01
-9.919172677849999786e+01 1.936908990650000106e+01
-9.919165968240000097e+01 1.936886753290000129e+01
-9.919162631880000447e+01 1.936877058869999857e+01
-9.919153158529999814e+01 1.936854550949999876e+01
-9.919143369549999534e+01 1.936837702580000098e+01
-9.919122033719999365e+01 1.936798040249999886e+01
-9.919100553469999682e+01 1.936759497630000126e+01
-9.919090732710000680e+01 1.936742160069999841e+01
-9.919084411650000277e+01 1.936725859390000082e+01
-9.919079933099999380e+01 1.936708585899999946e+01
-9.919078241420000097e+01 1.936699019379999953e+01
-9.919076589499999841e+01 1.936688682950000029e+01
-9.919075596380000093e+01 1.936678840540000124e+01
-9.919078001059999394e+01 1.936643489160000087e+01
-9.919082678869999370e+01 1.936585194519999931e+01
-9.919093649180000227e+01 1.936483556010000129e+01
-9.919109309979999978e+01 1.936348974790000099e+01
-9.919050185790000285e+01 1.936331998869999893e+01
-9.919015117089999478e+01 1.936323077189999964e+01
-9.918913354049999498e+01 1.936301419329999973e+01
-9.918867434130000049e+01 1.936299640109999842e+01
-9.918844540230000462e+01 1.936302811199999852e+01
-9.918830466949999902e+01 1.936301603609999944e+01
-9.918821358569999802e+01 1.936300394890000121e+01
-9.918811381609999955e+01 1.936298025840000037e+01
-9.918800442369999359e+01 1.936294507959999933e+01
-9.918784458780000080e+01 1.936288321110000155e+01
-9.918700477190000697e+01 1.936226339179999911e+01
-9.918679314000000602e+01 1.936215430440000063e+01
-9.918662352469999632e+01 1.936206994129999970e+01
-9.918568491909999807e+01 1.936172460619999924e+01
-9.918554140460000212e+01 1.936171900709999960e+01
-9.918537350489999938e+01 1.936173377240000093e+01
-9.918499870370000338e+01 1.936177282859999949e+01
-9.918483289549999427e+01 1.936178030909999848e+01
-9.918388145490000340e+01 1.936170529329999823e+01
-9.918371203719999585e+01 1.936171806770000003e+01
-9.918353603030000443e+01 1.936178126109999909e+01
-9.918267622150000307e+01 1.936234715410000007e+01
-9.918232648439999366e+01 1.936255512749999852e+01
-9.918185037569999452e+01 1.936271106090000060e+01
-9.918154283050000686e+01 1.936282168829999861e+01
-9.918119793629999492e+01 1.936290977919999889e+01
-9.918097239189999925e+01 1.936292740320000050e+01
-9.918054724540000677e+01 1.936290476770000168e+01
-9.918019921450000709e+01 1.936292537750000164e+01
-9.918000055219999922e+01 1.936296445380000009e+01
-9.917979743470000642e+01 1.936303598159999950e+01
-9.917960061429999996e+01 1.936314971379999861e+01
-9.917946633869999573e+01 1.936325105890000131e+01
-9.917936758970000710e+01 1.936344693599999900e+01
-9.917920374839999909e+01 1.936380704729999991e+01
-9.917881210570000405e+01 1.936418062530000128e+01
-9.917837988799999493e+01 1.936459605659999994e+01
-9.917815001719999657e+01 1.936481270930000065e+01
-9.917774193260000004e+01 1.936514145860000013e+01
-9.917719353420000061e+01 1.936459578810000082e+01
-9.917672155299999304e+01 1.936411474080000161e+01
-9.917510489110000549e+01 1.936258943729999871e+01
-9.917480212819999963e+01 1.936230370450000038e+01
-9.917466041730000370e+01 1.936216585700000081e+01
-9.917450865200000010e+01 1.936201631369999987e+01
-9.917370753500000546e+01 1.936109037709999825e+01
-9.917327637799999707e+01 1.936060505709999902e+01
-9.917308221929999945e+01 1.936042750249999855e+01
-9.917285922690000177e+01 1.936026573630000058e+01
-9.917170610830000044e+01 1.935956826250000162e+01
-9.917241413620000401e+01 1.935790449839999994e+01
-9.917272754850000638e+01 1.935718165850000005e+01
-9.917277474349999977e+01 1.935708138629999908e+01
-9.917299350140000058e+01 1.935675139370000153e+01
-9.917356223349999311e+01 1.935612461430000053e+01
-9.917420305160000282e+01 1.935544614439999833e+01
-9.917494157660000553e+01 1.935463642859999922e+01
-9.917522208900000180e+01 1.935424178270000084e+01
-9.917542744189999837e+01 1.935398496710000060e+01
-9.917578370590000247e+01 1.935362012399999898e+01
-9.917603097810000179e+01 1.935341051929999878e+01
-9.917704231589999608e+01 1.935260022330000140e+01
-9.917713932120000209e+01 1.935252411180000109e+01
-9.917722599520000415e+01 1.935244409310000080e+01
-9.917728431090000640e+01 1.935234974180000123e+01
-9.917748823089999632e+01 1.935201231659999976e+01
-9.917759845160000509e+01 1.935182147089999916e+01
-9.917766195439999422e+01 1.935174428750000075e+01
-9.917832334470000433e+01 1.935111503470000116e+01
-9.917845168920000276e+01 1.935101016369999982e+01
-9.917924769930000650e+01 1.935034234169999934e+01
-9.917960681910000176e+01 1.935000967699999919e+01
-9.917978394760000072e+01 1.934982734789999981e+01
-9.917993152200000395e+01 1.934964288140000122e+01
-9.918005984360000582e+01 1.934943093500000089e+01
-9.918009031629999583e+01 1.934935733040000017e+01
-9.918012728060000427e+01 1.934926804730000072e+01
-9.918055473750000317e+01 1.934723578379999864e+01
-9.918061938239999620e+01 1.934723793890000110e+01
-9.918063702290000094e+01 1.934723570390000091e+01
-9.918065186469999617e+01 1.934723286390000041e+01
-9.918067314290000525e+01 1.934722700529999884e+01
-9.918069189950000464e+01 1.934722006750000034e+01
-9.918070558530000369e+01 1.934721381259999973e+01
-9.918072107960000494e+01 1.934720528180000088e+01
-9.918073126189999300e+01 1.934719912550000132e+01
-9.918075048410000250e+01 1.934718491330000134e+01
-9.918076307270000314e+01 1.934717365250000043e+01
-9.918078642230000241e+01 1.934714351110000052e+01
-9.918080333599999676e+01 1.934711520669999985e+01
-9.918082266279999715e+01 1.934706211660000008e+01
-9.918179216320000080e+01 1.934734537799999998e+01
-9.918233525470000700e+01 1.934676147849999950e+01
-9.918249765320000222e+01 1.934664418479999881e+01
-9.918266423260000408e+01 1.934658740369999919e+01
-9.918287487310000472e+01 1.934658431400000111e+01
-9.918308442030000549e+01 1.934612176359999935e+01
-9.918315606710000054e+01 1.934584662139999978e+01
-9.918329293249999523e+01 1.934526520620000056e+01
-9.918336650109999653e+01 1.934492492009999864e+01
-9.918341080609999949e+01 1.934477541589999916e+01
-9.918350922259999436e+01 1.934456948500000095e+01
-9.918367770140000061e+01 1.934425641869999879e+01
-9.918383650420000208e+01 1.934391961909999935e+01
-9.918403835249999645e+01 1.934364798609999880e+01
-9.918433468240000650e+01 1.934362312429999875e+01
-9.918450152270000331e+01 1.934358747650000154e+01
-9.918477522489999387e+01 1.934343810000000019e+01
-9.918535325509999723e+01 1.934297711469999825e+01
-9.918596908089999431e+01 1.934244781729999829e+01
-9.918650512809999498e+01 1.934193291669999937e+01
-9.918662435939999966e+01 1.934159620730000029e+01
-9.918668499710000219e+01 1.934139838879999829e+01
-9.918680857889999913e+01 1.934127818030000157e+01
-9.918732630770000469e+01 1.934113027560000120e+01
-9.918766100009999320e+01 1.934101530879999942e+01
-9.918799972349999905e+01 1.934064502300000044e+01
-9.918822430310000016e+01 1.934040438119999905e+01
-9.918856900260000486e+01 1.934014857949999922e+01
-9.918916108519999852e+01 1.933972278039999892e+01
-9.918933054069999855e+01 1.933954224089999840e+01
-9.918948862329999372e+01 1.933937381699999847e+01
-9.919004578169999320e+01 1.933858658819999832e+01
-9.919032129890000249e+01 1.933867724110000097e+01
-9.919024879680000595e+01 1.933797965140000130e+01
-9.919060473899999408e+01 1.933772284360000171e+01
-9.919104725900000119e+01 1.933714287920000174e+01
-9.919123595099999591e+01 1.933687699460000076e+01
-9.919137743929999829e+01 1.933689880440000053e+01
-9.919152918300000010e+01 1.933689008829999878e+01
-9.919172492129999341e+01 1.933687362099999874e+01
-9.919315682440000614e+01 1.933661037310000097e+01
-9.919428481180000290e+01 1.933639163490000001e+01
-9.919510379000000455e+01 1.933617107270000091e+01
-9.919618879419999757e+01 1.933588730450000170e+01
-9.919693364549999615e+01 1.933573568439999946e+01
-9.919767290999999432e+01 1.933559487710000013e+01
-9.919786731599999996e+01 1.933554385640000106e+01
-9.919805680080000343e+01 1.933548414990000097e+01
-9.919825965750000307e+01 1.933537827989999869e+01
-9.919839814259999855e+01 1.933525918020000134e+01
-9.919852687430000060e+01 1.933514981580000125e+01
-9.919870966569999382e+01 1.933496303500000124e+01
-9.919917910069999323e+01 1.933431785390000002e+01
-9.919938189929999339e+01 1.933408459260000001e+01
-9.919959377450000204e+01 1.933384089100000125e+01
-9.919982092550000630e+01 1.933350537829999993e+01
-9.919992436120000434e+01 1.933322653910000000e+01
-9.919871350559999712e+01 1.933342454619999984e+01
-9.919821792960000550e+01 1.933350733099999985e+01
-9.919693398319999744e+01 1.933372077430000147e+01
-9.919661568419999753e+01 1.933371665920000027e+01
-9.919650356729999885e+01 1.933370278949999843e+01
-9.919638996109999596e+01 1.933367632750000098e+01
-9.919629469960000279e+01 1.933363128499999917e+01
-9.919637444880000032e+01 1.933340681729999844e+01
-9.919638861590000545e+01 1.933332560630000074e+01
-9.919639097869999489e+01 1.933324165459999833e+01
-9.919638256540000043e+01 1.933302889919999856e+01
-9.919635880500000269e+01 1.933288500109999930e+01
-9.919626551720000407e+01 1.933268442030000145e+01
-9.919609135519999654e+01 1.933240107649999828e+01
-9.919575781090000532e+01 1.933194766840000156e+01
-9.919529329610000445e+01 1.933109216549999942e+01
-9.919500385499999595e+01 1.933062994619999841e+01
-9.919470419430000163e+01 1.933023349850000017e+01
-9.919474798589999409e+01 1.932932868219999989e+01
-9.919477718859999982e+01 1.932871971000000144e+01
-9.919479259749999756e+01 1.932712696580000156e+01
-9.919485302680000416e+01 1.932472070380000062e+01
-9.919488628509999728e+01 1.932346429409999899e+01
-9.919488132050000218e+01 1.932314054789999958e+01
-9.919493357499999320e+01 1.932203000350000011e+01
-9.919498778679999873e+01 1.932184251329999825e+01
-9.919659914220000019e+01 1.931922725520000128e+01
-9.919872651919999385e+01 1.931580581729999935e+01
-9.919996528910000677e+01 1.931384357110000138e+01
-9.920114179070000660e+01 1.931203429290000173e+01
-9.920118465289999676e+01 1.931195354540000153e+01
-9.920121262639999316e+01 1.931187539069999914e+01
-9.920122930120000149e+01 1.931172918640000091e+01
-9.920122355319999485e+01 1.931161910890000044e+01
-9.920121594409999943e+01 1.931151791070000101e+01
-9.920118405889999735e+01 1.931145757799999885e+01
-9.920064632470000276e+01 1.931140693189999880e+01
-9.920047568239999691e+01 1.931140609959999921e+01
-9.920024712679999368e+01 1.931116003090000177e+01
-9.920058181090000460e+01 1.931080620230000022e+01
-9.920063455640000427e+01 1.931075106680000175e+01
-9.920073058900000262e+01 1.931065137270000065e+01
-9.920173336700000277e+01 1.930968087870000005e+01
-9.920253596519999917e+01 1.930889563979999934e+01
-9.920523874069999692e+01 1.930630140019999885e+01
-9.920537895799999717e+01 1.930639051360000025e+01
-9.920544674479999969e+01 1.930647675910000061e+01
-9.920549312040000700e+01 1.930655780729999904e+01
-9.920550817679999511e+01 1.930671573900000126e+01
-9.920555329939999467e+01 1.930672384129999841e+01
-9.920565169149999463e+01 1.930621607699999842e+01
-9.920571900010000377e+01 1.930586840530000003e+01
-9.920574187450000636e+01 1.930574520229999891e+01
-9.920575217430000237e+01 1.930568187680000136e+01
-9.920847746409999957e+01 1.930616244289999983e+01
-9.920931602609999800e+01 1.930631687929999885e+01
-9.921002948769999819e+01 1.930644107210000016e+01
-9.921152710139999442e+01 1.930670968089999917e+01
-9.921330447660000118e+01 1.930701931180000130e+01
-9.921378822629999661e+01 1.930712408020000126e+01
-9.921436673380000570e+01 1.930724936900000088e+01
-9.921485135400000388e+01 1.930740948809999935e+01
-9.921539464360000693e+01 1.930762109100000146e+01
-9.921592284860000177e+01 1.930788115589999876e+01
-9.921641257699999983e+01 1.930817553789999863e+01
-9.921655919869999707e+01 1.930827704500000053e+01
-9.921685716090000540e+01 1.930849663869999944e+01
-9.921719790650000448e+01 1.930877254210000160e+01
-9.921779545549999568e+01 1.930935290240000057e+01
-9.921823174610000251e+01 1.930988771539999860e+01
-9.921887401569999554e+01 1.931073378540000007e+01
-9.921900515139999754e+01 1.931089283420000058e+01
-9.921919276600000615e+01 1.931113942019999996e+01
-9.921942081109999378e+01 1.931144054190000148e+01
-9.921966344380000180e+01 1.931180594659999983e+01
-9.921984896189999859e+01 1.931212377199999963e+01
-9.921992544020000082e+01 1.931226363600000084e+01
-9.922012193429999627e+01 1.931267383369999990e+01
-9.922030327410000439e+01 1.931308376229999979e+01
-9.922041179039999292e+01 1.931339348270000045e+01
-9.922051735239999459e+01 1.931371653400000099e+01
-9.922065662519999307e+01 1.931429986570000068e+01
-9.922073252609999372e+01 1.931468890869999910e+01
-9.922075487380000425e+01 1.931480960740000086e+01
-9.922080636869999637e+01 1.931508702980000081e+01
-9.922084273829999290e+01 1.931529351040000009e+01
-9.922096032730000559e+01 1.931595779990000139e+01
-9.922097259749999409e+01 1.931603121630000075e+01
-9.922104148830000270e+01 1.931639847880000005e+01
-9.922107683660000532e+01 1.931660607699999943e+01
-9.922115656580000120e+01 1.931705381520000131e+01
-9.922119636710000634e+01 1.931726709679999843e+01
-9.922122321370000009e+01 1.931739850299999972e+01
-9.922129133319999994e+01 1.931773161219999935e+01
-9.922131584090000445e+01 1.931784019070000014e+01
-9.922136894560000542e+01 1.931807565389999937e+01
-9.922142440000000363e+01 1.931831973339999919e+01
-9.922145264339999926e+01 1.931851636480000067e+01
-9.922147795099999712e+01 1.931869238550000034e+01
-9.922148553530000470e+01 1.931896918600000035e+01
-9.922146711329999391e+01 1.931930064850000051e+01
-9.922140830269999867e+01 1.931964385379999882e+01
-9.922131016849999696e+01 1.931990872689999961e+01
-9.922123227890000408e+01 1.932009560419999872e+01
-9.922114646820000416e+01 1.932026930649999841e+01
-9.922103349389999494e+01 1.932044538950000145e+01
-9.922090099429999555e+01 1.932064759289999856e+01
-9.922071723470000393e+01 1.932085802980000011e+01
-9.922057140280000453e+01 1.932099035759999950e+01
-9.922046997060000706e+01 1.932108114000000043e+01
-9.922005826180000554e+01 1.932138787059999885e+01
-9.921931032530000039e+01 1.932189807139999971e+01
-9.921856347429999801e+01 1.932241639449999937e+01
-9.921756141010000363e+01 1.932310288949999943e+01
-9.921594054169999310e+01 1.932421177650000033e+01
-9.921434952970000154e+01 1.932532139430000129e+01
-9.921360913969999729e+01 1.932591803860000113e+01
-9.921278333040000064e+01 1.932679703259999826e+01
-9.921268766469999889e+01 1.932692292939999845e+01
-9.921246667479999815e+01 1.932723471590000131e+01
-9.921211020840000572e+01 1.932782807510000112e+01
-9.921179682870000249e+01 1.932843370819999862e+01
-9.921065944190000607e+01 1.933073634109999972e+01
-9.921050481279999644e+01 1.933103626870000014e+01
-9.921045431899999301e+01 1.933113420840000174e+01
-9.921027734269999598e+01 1.933149486179999954e+01
-9.921023654990000296e+01 1.933157799130000143e+01
-9.920958691340000257e+01 1.933289059639999863e+01
-9.920936936580000065e+01 1.933327827970000001e+01
-9.920912393199999713e+01 1.933363342399999851e+01
-9.920893203999999344e+01 1.933390830549999961e+01
-9.920863204219999432e+01 1.933432904269999852e+01
-9.920844373990000520e+01 1.933457260799999844e+01
-9.920820506889999990e+01 1.933485146650000175e+01
-9.920797197660000677e+01 1.933508208299999964e+01
-9.920745690530000616e+01 1.933551185649999837e+01
-9.920692054040000585e+01 1.933599115910000066e+01
-9.920678522730000282e+01 1.933610840160000066e+01
-9.920665877960000500e+01 1.933621838430000039e+01
-9.920677122009999493e+01 1.933629696490000072e+01
-9.920710602020000124e+01 1.933654401820000146e+01
-9.920784056310000665e+01 1.933627156309999862e+01
-9.920809681270000624e+01 1.933617961730000090e+01
-9.920833713259999342e+01 1.933609504220000019e+01
-9.920867401130000474e+01 1.933597648599999985e+01
-9.920858899979999990e+01 1.933609616629999906e+01
-9.920819379440000318e+01 1.933673520409999824e+01
-9.920781123179999383e+01 1.933734236529999961e+01
-9.920751512889999901e+01 1.933781112320000162e+01
-9.920785397410000428e+01 1.933786875410000050e+01
-9.920815330640000695e+01 1.933788670410000066e+01
-9.920838779160000342e+01 1.933785131100000143e+01
-9.920885047039999449e+01 1.933763192729999858e+01
-9.920946428130000072e+01 1.933734088119999939e+01
-9.920974969579999936e+01 1.933714367319999994e+01
-9.921002038890000563e+01 1.933691116190000159e+01
-9.921050589829999922e+01 1.933665789269999991e+01
-9.921122666610000351e+01 1.933625333270000013e+01
-9.921148241880000285e+01 1.933619768149999985e+01
-9.921174090489999742e+01 1.933625975689999876e+01
-9.921198357480000141e+01 1.933628407799999849e+01
-9.921234040749999394e+01 1.933619047210000019e+01
-9.921328070030000390e+01 1.933651864839999845e+01
-9.921356757489999723e+01 1.933655504769999922e+01
-9.921372103129999687e+01 1.933655156269999864e+01
-9.921383611650000489e+01 1.933653863070000156e+01
-9.921427545320000263e+01 1.933649094169999927e+01
-9.921443717420000041e+01 1.933647339650000063e+01
-9.921477224449999710e+01 1.933640773220000142e+01
-9.921486358689999463e+01 1.933638774730000165e+01
-9.921512785720000238e+01 1.933625241560000063e+01
-9.921531131570000639e+01 1.933610979419999865e+01
-9.921541814089999889e+01 1.933567522479999923e+01
-9.921556008029999418e+01 1.933552156380000042e+01
-9.921573444000000563e+01 1.933539652800000042e+01
-9.921588484849999645e+01 1.933532157999999868e+01
-9.921601618130000588e+01 1.933527157820000042e+01
-9.921658602060000476e+01 1.933522753789999982e+01
-9.921683782460000600e+01 1.933508703480000079e+01
-9.921701394810000352e+01 1.933481316749999834e+01
-9.921713842149999607e+01 1.933469174789999911e+01
-9.921750457480000307e+01 1.933465165360000171e+01
-9.921782954379999353e+01 1.933461173410000100e+01
-9.921856290910000098e+01 1.933439114300000128e+01
-9.921913878889999694e+01 1.933397889849999984e+01
-9.922004364720000069e+01 1.933393936490000087e+01
-9.922132707170000288e+01 1.933382218730000091e+01
-9.922188966059999871e+01 1.933370262709999921e+01
-9.922240282090000107e+01 1.933353702619999837e+01
-9.922321165450000535e+01 1.933315499189999898e+01
-9.922334303259999899e+01 1.933309293749999824e+01
-9.922421569499999805e+01 1.933274898670000042e+01
-9.922411517359999777e+01 1.933249728790000077e+01
-9.922420485799999312e+01 1.933235806989999972e+01
-9.922614887090000479e+01 1.933163467940000046e+01
-9.922627098300000625e+01 1.933156287519999950e+01
-9.922666975750000518e+01 1.933160440380000011e+01
-9.922715707620000103e+01 1.933160379770000148e+01
-9.922887517280000225e+01 1.933078070790000069e+01
-9.922911494560000278e+01 1.933062405949999985e+01
-9.922928986380000538e+01 1.933051501070000100e+01
-9.922968290110000567e+01 1.933036519459999880e+01
-9.923009720299999969e+01 1.933031610600000150e+01
-9.923057307009999306e+01 1.933010886170000120e+01
-9.923120146029999944e+01 1.932983519040000076e+01
-9.923152690919999941e+01 1.932928846049999905e+01
-9.923187751090000575e+01 1.932902817300000109e+01
-9.923213174400000014e+01 1.932849484919999838e+01
-9.923348854130000518e+01 1.932722750639999987e+01
-9.923408351070000322e+01 1.932680798910000064e+01
-9.923601367530000061e+01 1.932589885439999833e+01
-9.923637157459999969e+01 1.932545773400000044e+01
-9.923645361360000550e+01 1.932517187990000096e+01
-9.923688876520000690e+01 1.932489418689999994e+01
-9.923731292899999801e+01 1.932470027440000138e+01
-9.923814573260000316e+01 1.932455088980000113e+01
-9.923822687259999498e+01 1.932454173340000025e+01
-9.923867119029999628e+01 1.932454115250000015e+01
-9.923883175070000107e+01 1.932446658969999831e+01
-9.923926097359999687e+01 1.932466764009999949e+01
-9.923931729189999373e+01 1.932467578469999836e+01
-9.923976136909999468e+01 1.932450562220000023e+01
-9.924005621099999530e+01 1.932443567720000033e+01
-9.924010194790000128e+01 1.932442482729999966e+01
-9.924025956280000571e+01 1.932439674029999921e+01
-9.924032373180000377e+01 1.932442199950000017e+01
-9.924037993609999830e+01 1.932445469430000173e+01
-9.924057352079999816e+01 1.932465389220000063e+01
-9.924107556529999385e+01 1.932517049089999972e+01
-9.924110112850000576e+01 1.932530987069999995e+01
-9.924217114469999501e+01 1.932706204710000009e+01
-9.924249626690000525e+01 1.932759443320000159e+01
-9.924273016259999736e+01 1.932795288180000171e+01
-9.924277208079999468e+01 1.932799923589999835e+01
-9.924305550139999355e+01 1.932822118240000009e+01
-9.924353611899999805e+01 1.932846455569999833e+01
-9.924361155660000122e+01 1.932847366829999913e+01
-9.924372541469999476e+01 1.932846229340000122e+01
-9.924383128969999746e+01 1.932845171590000177e+01
-9.924422944650000034e+01 1.932855968699999849e+01
-9.924462502570000311e+01 1.932845376370000068e+01
-9.924502810289999388e+01 1.932843418059999863e+01
-9.924529364340000370e+01 1.932817524980000101e+01
-9.924538683890000357e+01 1.932813949049999991e+01
-9.924552310549999845e+01 1.932810999379999828e+01
-9.924588550379999674e+01 1.932812246820000013e+01
-9.924638628319999611e+01 1.932807914240000002e+01
-9.924719629809999333e+01 1.932794104710000127e+01
-9.924802694870000153e+01 1.932786937510000058e+01
-9.924835027180000679e+01 1.932779558429999867e+01
-9.924862747630000115e+01 1.932767617400000049e+01
-9.924868780590000483e+01 1.932757065659999896e+01
-9.924935266929999500e+01 1.932721315179999877e+01
-9.924995862999999474e+01 1.932702923489999947e+01
-9.925038457019999782e+01 1.932702866629999860e+01
-9.925070632880000687e+01 1.932702820829999979e+01
-9.925110823350000544e+01 1.932703035329999963e+01
-9.925138099539999814e+01 1.932707924280000000e+01
-9.925225226519999921e+01 1.932708786859999961e+01
-9.925259602570000084e+01 1.932706424719999916e+01
-9.925310131499999500e+01 1.932698601070000066e+01
-9.925335264660000689e+01 1.932686510310000116e+01
-9.925363449959999684e+01 1.932687252179999859e+01
-9.925387650989999599e+01 1.932694079930000086e+01
-9.925398953360000576e+01 1.932695169890000031e+01
-9.925415446830000121e+01 1.932692311970000176e+01
-9.925468964290000429e+01 1.932676025809999842e+01
-9.925490061210000192e+01 1.932667304039999934e+01
-9.925517572670000277e+01 1.932655930410000167e+01
-9.925533249529999580e+01 1.932638733779999995e+01
-9.925560870309999473e+01 1.932600002730000099e+01
-9.925581937239999775e+01 1.932572262509999916e+01
-9.925591524450000236e+01 1.932572550020000079e+01
-9.925611300040000629e+01 1.932543411269999822e+01
-9.925625860819999957e+01 1.932522085020000091e+01
-9.925632888750000404e+01 1.932495242090000076e+01
-9.925635857000000328e+01 1.932476187709999849e+01
-9.925643164299999910e+01 1.932453902749999841e+01
-9.925653173759999959e+01 1.932434303790000030e+01
-9.925692083469999716e+01 1.932374393339999941e+01
-9.925711123920000034e+01 1.932347316430000106e+01
-9.925734304069999325e+01 1.932312040320000079e+01
-9.925752942149999569e+01 1.932286162489999981e+01
-9.925762000769999815e+01 1.932276254519999981e+01
-9.925779881900000134e+01 1.932258999620000139e+01
-9.925794372779999719e+01 1.932249772660000176e+01
-9.925807510159999936e+01 1.932238551620000067e+01
-9.925842167749999589e+01 1.932227508780000136e+01
-9.925857713829999796e+01 1.932212822320000001e+01
-9.925873506610000163e+01 1.932205297309999992e+01
-9.925904251590000626e+01 1.932181523659999911e+01
-9.925921122469999602e+01 1.932160214949999855e+01
-9.925962158149999937e+01 1.932131119050000123e+01
-9.925975147949999666e+01 1.932118037240000064e+01
-9.925989541389999715e+01 1.932103541869999930e+01
-9.926037450200000478e+01 1.932056612979999954e+01
-9.926045133770000461e+01 1.932044526410000174e+01
-9.926057388190000097e+01 1.932014893710000081e+01
-9.926081726879999678e+01 1.931988538539999922e+01
-9.926103849499999399e+01 1.931955744040000056e+01
-9.926139578699999788e+01 1.931871450390000078e+01
-9.926160353849999751e+01 1.931828190370000087e+01
-9.926169408510000380e+01 1.931782193060000097e+01
-9.926176885270000128e+01 1.931768944679999933e+01
-9.926223624930000256e+01 1.931731228030000125e+01
-9.926244048220000593e+01 1.931716619170000016e+01
-9.926277181790000270e+01 1.931677987750000014e+01
-9.926317055139999468e+01 1.931630602399999930e+01
-9.926362099600000022e+01 1.931597759159999939e+01
-9.926381200400000182e+01 1.931583931850000013e+01
-9.926414532629999599e+01 1.931557979500000144e+01
-9.926436139150000315e+01 1.931541281379999830e+01
-9.926451455049999595e+01 1.931531054499999911e+01
-9.926465193250000141e+01 1.931502279480000084e+01
-9.926497402639999734e+01 1.931479156549999843e+01
-9.926513734709999426e+01 1.931455689739999926e+01
-9.926528978199999642e+01 1.931434421950000058e+01
-9.926543397179999317e+01 1.931419025949999835e+01
-9.926551080010000305e+01 1.931406227689999966e+01
-9.926559268949999648e+01 1.931389218560000032e+01
-9.926568046500000264e+01 1.931374647299999836e+01
-9.926572393649999526e+01 1.931367430910000138e+01
-9.926590065880000679e+01 1.931343744040000132e+01
-9.926605346179999856e+01 1.931345025250000091e+01
-9.926678013250000276e+01 1.931352228780000146e+01
-9.926721477990000153e+01 1.931372982170000085e+01
-9.926739637229999857e+01 1.931379232569999971e+01
-9.926752309639999794e+01 1.931380127039999905e+01
-9.926769429590000016e+01 1.931402908109999927e+01
-9.926768815440000537e+01 1.931407326780000133e+01
-9.926762782919999495e+01 1.931415154680000157e+01
-9.926764724880000301e+01 1.931420241600000054e+01
-9.926779987380000136e+01 1.931419513590000037e+01
-9.926794327919999716e+01 1.931413979859999941e+01
-9.926808180470000309e+01 1.931408271029999923e+01
-9.926843816849999769e+01 1.931400999799999951e+01
-9.926898512930000607e+01 1.931372957459999995e+01
-9.926944059129999687e+01 1.931362501090000094e+01
-9.926953392059999715e+01 1.931355824390000109e+01
-9.926956636900000319e+01 1.931350307299999969e+01
-9.926961913569999751e+01 1.931341335280000138e+01
-9.926966921209999839e+01 1.931321597939999890e+01
-9.926983001230000525e+01 1.931292584359999864e+01
-9.926998079160000543e+01 1.931273139760000035e+01
-9.927013831630000595e+01 1.931241798399999965e+01
-9.927027219650000234e+01 1.931220419090000107e+01
-9.927054466730000115e+01 1.931193668179999889e+01
-9.927051029529999937e+01 1.931154465070000015e+01
-9.927033959770000138e+01 1.931180075880000047e+01
-9.927005531259999316e+01 1.931152385040000041e+01
-9.927020951010000260e+01 1.931126735120000149e+01
-9.927023654180000278e+01 1.931115254410000048e+01
-9.927036440390000394e+01 1.931077817390000106e+01
-9.927049808990000201e+01 1.931045201119999888e+01
-9.927073349799999846e+01 1.930995252760000014e+01
-9.927090952519999689e+01 1.930959078200000079e+01
-9.927105362449999859e+01 1.930929465090000008e+01
-9.927114547790000643e+01 1.930904945600000033e+01
-9.927083905009999398e+01 1.930886290680000172e+01
-9.927133563220000667e+01 1.930827889289999888e+01
-9.927134166199999754e+01 1.930825691969999980e+01
-9.927120364680000364e+01 1.930721888409999920e+01
-9.927110059250000518e+01 1.930702235840000114e+01
-9.927091900599999974e+01 1.930681847920000038e+01
-9.927088603510000553e+01 1.930678913470000069e+01
-9.927083886420000169e+01 1.930676225979999927e+01
-9.927081575139999359e+01 1.930675228529999998e+01
-9.927077327710000532e+01 1.930673395410000026e+01
-9.927057396280000034e+01 1.930663040490000171e+01
-9.927044594970000446e+01 1.930651424339999878e+01
-9.927031964290000587e+01 1.930632302880000140e+01
-9.927018434010000192e+01 1.930604096009999893e+01
-9.927011686989999362e+01 1.930593202200000036e+01
-9.927000768339999581e+01 1.930576883250000009e+01
-9.926996240420000106e+01 1.930574834300000120e+01
-9.926987438080000459e+01 1.930573576709999983e+01
-9.926978766249999353e+01 1.930572549700000096e+01
-9.926942974400000708e+01 1.930560510269999952e+01
-9.926933363489999351e+01 1.930556654989999998e+01
-9.926917367410000281e+01 1.930550238400000040e+01
-9.926870047280000620e+01 1.930533133149999969e+01
-9.926855771949999507e+01 1.930524071239999984e+01
-9.926843024180000441e+01 1.930511561639999840e+01
-9.926904527780000365e+01 1.930474160649999860e+01
-9.926931140199999959e+01 1.930463547320000117e+01
-9.926936453529999937e+01 1.930461428370000121e+01
-9.926938081929999669e+01 1.930460700720000133e+01
-9.926975833029999308e+01 1.930443831230000029e+01
-9.926990230110000368e+01 1.930437397720000092e+01
-9.927042174529999841e+01 1.930412558480000129e+01
-9.927061957189999930e+01 1.930396988669999914e+01
-9.927081359669999472e+01 1.930373027459999946e+01
-9.927098401349999790e+01 1.930351981440000131e+01
-9.927141302169999904e+01 1.930308138539999874e+01
-9.927150007070000015e+01 1.930301264739999922e+01
-9.927206213959999559e+01 1.930256880880000026e+01
-9.927221699640000452e+01 1.930245818570000083e+01
-9.927214039749999586e+01 1.930241370290000091e+01
-9.927199495610000213e+01 1.930238980040000030e+01
-9.927150407109999719e+01 1.930230912229999873e+01
-9.927128212719999567e+01 1.930206826030000045e+01
-9.927115579620000574e+01 1.930199438540000045e+01
-9.927092949279999345e+01 1.930186204840000030e+01
-9.927048592650000103e+01 1.930157327579999915e+01
-9.927038033549999341e+01 1.930141148870000123e+01
-9.926975877569999795e+01 1.930118436320000086e+01
-9.926973665180000239e+01 1.930117627830000160e+01
-9.927008251629999336e+01 1.930054148600000019e+01
-9.927033300189999920e+01 1.930005959049999831e+01
-9.927055343060000325e+01 1.929967980110000170e+01
-9.927147260649999794e+01 1.929917499149999927e+01
-9.927166381630000558e+01 1.929834173760000127e+01
-9.927148618760000431e+01 1.929799671230000158e+01
-9.927154153409999537e+01 1.929774197920000134e+01
-9.927171697149999829e+01 1.929682759630000177e+01
-9.927185403859999724e+01 1.929611267479999981e+01
-9.927210742389999609e+01 1.929550566480000029e+01
-9.927232676890000107e+01 1.929533458910000121e+01
-9.927236804429999495e+01 1.929501366770000104e+01
-9.927249809580000317e+01 1.929465800239999851e+01
-9.927246124219999501e+01 1.929421107279999958e+01
-9.927316332860000614e+01 1.929314933959999934e+01
-9.927473440439999308e+01 1.929132863819999955e+01
-9.927616895799999952e+01 1.928909790710000038e+01
-9.927498032590000321e+01 1.928746311809999980e+01
-9.927358862629999692e+01 1.928555680099999847e+01
-9.927332029219999754e+01 1.928518923689999909e+01
-9.927656285800000546e+01 1.928336557449999944e+01
-9.927788815930000510e+01 1.928259325939999869e+01
-9.927788880900000379e+01 1.928232588159999850e+01
-9.927790133940000317e+01 1.928193394119999837e+01
-9.927792943900000466e+01 1.928170271200000130e+01
-9.927800287819999880e+01 1.928155251509999957e+01
-9.927813572690000399e+01 1.928148360779999848e+01
-9.927822400040000161e+01 1.928141403840000123e+01
-9.927831492590000551e+01 1.928139847550000141e+01
-9.927846553419999509e+01 1.928146912649999933e+01
-9.927865708849999749e+01 1.928162172969999943e+01
-9.927902028980000182e+01 1.928171567589999924e+01
-9.927920017629999450e+01 1.928167038249999976e+01
-9.927945042480000382e+01 1.928139409439999952e+01
-9.927963784140000314e+01 1.928115480570000173e+01
-9.928005473240000356e+01 1.928093054680000051e+01
-9.928021674420000409e+01 1.928082107879999896e+01
-9.928045966960000612e+01 1.928075807229999938e+01
-9.928080837800000324e+01 1.928075753650000124e+01
-9.928113981309999758e+01 1.928061979710000173e+01
-9.928130772670000681e+01 1.928021858480000006e+01
-9.928150905489999900e+01 1.927949067260000149e+01
-9.928205431230000499e+01 1.927922488469999962e+01
-9.928230148629999974e+01 1.927903299609999976e+01
-9.928304252430000076e+01 1.927776868549999989e+01
-9.928347517839999625e+01 1.927727503999999925e+01
-9.928396543510000072e+01 1.927696133979999971e+01
-9.928391771830000323e+01 1.927669229039999976e+01
-9.928374943800000096e+01 1.927622636070000084e+01
-9.928331000330000222e+01 1.927599724890000132e+01
-9.928317845290000321e+01 1.927573626419999897e+01
-9.928321126390000018e+01 1.927545975849999849e+01
-9.928333112640000024e+01 1.927509701929999864e+01
-9.928373670999999945e+01 1.927475693739999940e+01
-9.928404933449999703e+01 1.927459194880000126e+01
-9.928427678360000641e+01 1.927425144700000104e+01
-9.928450317989999974e+01 1.927391014499999855e+01
-9.928471726879999437e+01 1.927355671580000163e+01
-9.928494246930000600e+01 1.927327494200000046e+01
-9.928524695209999607e+01 1.927310773019999957e+01
-9.928541603360000067e+01 1.927219843969999857e+01
-9.928543793119999350e+01 1.927182598359999943e+01
-9.928564821919999872e+01 1.927142531260000169e+01
-9.928618959690000167e+01 1.927068067389999939e+01
-9.928680673069999330e+01 1.927041425870000069e+01
-9.928752840049999406e+01 1.927017147389999963e+01
-9.928792519259999949e+01 1.927015616170000101e+01
-9.928826393680000706e+01 1.927017131070000033e+01
-9.928901287470000625e+01 1.927029425039999921e+01
-9.928932949640000061e+01 1.927035097679999964e+01
-9.928963083280000035e+01 1.927028611960000148e+01
-9.928995618909999621e+01 1.927007829600000122e+01
-9.929014765819999866e+01 1.926989383329999939e+01
-9.929051471069999479e+01 1.926956898739999957e+01
-9.929092108519999726e+01 1.926920202939999882e+01
-9.929125495079999553e+01 1.926902413359999855e+01
-9.929163758980000409e+01 1.926877312690000110e+01
-9.929223685499999874e+01 1.926854825359999879e+01
-9.929257879339999704e+01 1.926830839429999997e+01
-9.929262280460000056e+01 1.926812783089999925e+01
-9.929274276850000547e+01 1.926763823330000136e+01
-9.929351983700000517e+01 1.926688179159999947e+01
-9.929378350099999295e+01 1.926636553559999854e+01
-9.929401545139999996e+01 1.926602270729999944e+01
-9.929405622369999662e+01 1.926556463660000063e+01
-9.929398706310000478e+01 1.926527878330000121e+01
-9.929418819369999483e+01 1.926489111049999892e+01
-9.929423672180000437e+01 1.926459544520000122e+01
-9.929451274880000256e+01 1.926430385909999998e+01
-9.929479386190000412e+01 1.926404567350000008e+01
-9.929510428519999721e+01 1.926380201290000116e+01
-9.929576233560000276e+01 1.926351301020000051e+01
-9.929623749600000338e+01 1.926330472960000151e+01
-9.929680873809999753e+01 1.926311215160000145e+01
-9.929696551860000397e+01 1.926271192889999995e+01
-9.929728891969999438e+01 1.926228766730000075e+01
-9.929775589129999958e+01 1.926188220279999896e+01
-9.929798353850000581e+01 1.926145374700000090e+01
-9.929839083109999365e+01 1.926132141189999913e+01
-9.929894924500000286e+01 1.926122012140000095e+01
-9.929977493270000366e+01 1.926088604539999949e+01
-9.930023411739999517e+01 1.926093758789999910e+01
-9.930056663099999525e+01 1.926109659020000109e+01
-9.930087649620000434e+01 1.926104445749999883e+01
-9.930100977690000263e+01 1.926087945229999931e+01
-9.930147755829999312e+01 1.926050288469999927e+01
-9.930171424419999937e+01 1.926003901280000008e+01
-9.930191122450000307e+01 1.925951257299999853e+01
-9.930216166409999801e+01 1.925935557840000101e+01
-9.930237035650000621e+01 1.925892819939999967e+01
-9.930302551629999641e+01 1.925866750229999980e+01
-9.930350568160000080e+01 1.925866716020000169e+01
-9.930388868069999830e+01 1.925838361960000000e+01
-9.930529996549999794e+01 1.925794271779999889e+01
-9.930623569669999995e+01 1.925774491860000026e+01
-9.930689619919999700e+01 1.925777639400000041e+01
-9.930754995670000085e+01 1.925790591190000001e+01
-9.930818653720000100e+01 1.925800706329999912e+01
-9.930877404039999590e+01 1.925809762589999963e+01
-9.930924156019999316e+01 1.925783173499999990e+01
-9.930973578190000239e+01 1.925759107740000076e+01
-9.931020316859999753e+01 1.925727464810000100e+01
-9.931076615530000140e+01 1.925718292000000176e+01
-9.931120931419999920e+01 1.925707558399999897e+01
-9.931226663820000056e+01 1.925708461549999839e+01
-9.931253758440000468e+01 1.925694743909999929e+01
-9.931280034709999427e+01 1.925670239300000119e+01
-9.931353886440000167e+01 1.925664706070000065e+01
-9.931376207670000156e+01 1.925665744180000161e+01
-9.931397435600000279e+01 1.925677214619999944e+01
-9.931407391259999429e+01 1.925681091950000123e+01
-9.931420073409999816e+01 1.925682411069999844e+01
-9.931439265260000582e+01 1.925681348060000175e+01
-9.931459485979999613e+01 1.925673611699999910e+01
-9.931477205390000051e+01 1.925651323190000141e+01
-9.931503325100000268e+01 1.925648249880000051e+01
-9.931525353070000506e+01 1.925641690200000156e+01
-9.931536287810000374e+01 1.925635891889999840e+01
-9.931546457529999827e+01 1.925613796309999870e+01
-9.931547974709999949e+01 1.925605939940000155e+01
-9.931547042619999388e+01 1.925599251239999887e+01
-9.931543656940000631e+01 1.925591403370000165e+01
-9.931526010299999996e+01 1.925577180650000031e+01
-9.931516016339999453e+01 1.925564156800000148e+01
-9.931505090699999982e+01 1.925551949970000010e+01
-9.931496570859999906e+01 1.925543554460000095e+01
-9.931487046430000021e+01 1.925534535150000082e+01
-9.931478142640000328e+01 1.925521780629999924e+01
-9.931476957050000465e+01 1.925497866639999955e+01
-9.931488562570000056e+01 1.925483660349999937e+01
-9.931504561810000098e+01 1.925456388890000170e+01
-9.931519215480000184e+01 1.925435901230000013e+01
-9.931526016639999455e+01 1.925395600610000102e+01
-9.931550611599999456e+01 1.925330660059999843e+01
-9.931559719400000574e+01 1.925317660230000172e+01
-9.931573291339999798e+01 1.925300862699999982e+01
-9.931587447590000295e+01 1.925291612050000012e+01
-9.931593506170000296e+01 1.925280400589999985e+01
-9.931594807950000359e+01 1.925262628609999993e+01
-9.931585594039999876e+01 1.925244965230000105e+01
-9.931587746169999775e+01 1.925234311990000080e+01
-9.931596621719999973e+01 1.925217511239999979e+01
-9.931605739719999804e+01 1.925208087940000112e+01
-9.931608200339999826e+01 1.925201495370000160e+01
-9.931606015699999546e+01 1.925194083290000080e+01
-9.931597304420000683e+01 1.925182868399999947e+01
-9.931590867040000603e+01 1.925164948360000139e+01
-9.931593653989999382e+01 1.925152542289999857e+01
-9.931596015949999412e+01 1.925128699909999952e+01
-9.931593187430000569e+01 1.925106384340000076e+01
-9.931591733359999807e+01 1.925098176210000034e+01
-9.931591681919999814e+01 1.925091574960000074e+01
-9.931595650129999342e+01 1.925086059590000076e+01
-9.931599640769999837e+01 1.925084174250000046e+01
-9.931602565740000443e+01 1.925083597849999961e+01
-9.931605080510000505e+01 1.925083642550000107e+01
-9.931607593379999344e+01 1.925083812789999982e+01
-9.931611170329999538e+01 1.925083750800000004e+01
-9.931614072360000023e+01 1.925084304940000024e+01
-9.931617877509999914e+01 1.925085113480000132e+01
-9.931632533110000338e+01 1.925103280589999954e+01
-9.931638896290000673e+01 1.925104911200000046e+01
-9.931644258599999375e+01 1.925103236039999999e+01
-9.931648383430000138e+01 1.925096733020000173e+01
-9.931658863929999370e+01 1.925078708090000035e+01
-9.931662947110000061e+01 1.925073780729999839e+01
-9.931669481909999320e+01 1.925077724450000005e+01
-9.931677031220000629e+01 1.925077899829999950e+01
-9.931681754340000623e+01 1.925072499150000027e+01
-9.931707405560000268e+01 1.925030788040000118e+01
-9.931700692450000645e+01 1.924963218239999918e+01
-9.931699583740000037e+01 1.924914673500000006e+01
-9.931713555240000346e+01 1.924855426639999934e+01
-9.931728877759999818e+01 1.924805271740000023e+01
-9.931752303970000639e+01 1.924761032540000016e+01
-9.931776524560000041e+01 1.924736257929999894e+01
-9.931781276510000112e+01 1.924726982889999860e+01
-9.931784797870000148e+01 1.924712339639999925e+01
-9.931784071330000074e+01 1.924702936470000125e+01
-9.931771403359999795e+01 1.924640382750000001e+01
-9.931758044289999532e+01 1.924616423089999984e+01
-9.931756411700000342e+01 1.924608311700000129e+01
-9.931758477200000357e+01 1.924601290400000053e+01
-9.931769784339999774e+01 1.924594911089999982e+01
-9.931772238380000317e+01 1.924592266390000006e+01
-9.931779458059999399e+01 1.924567006339999864e+01
-9.931750660630000027e+01 1.924529840090000121e+01
-9.931752093410000271e+01 1.924500476929999948e+01
-9.931760190929999510e+01 1.924459717890000121e+01
-9.931763653810000392e+01 1.924449204169999916e+01
-9.931770603280000387e+01 1.924437119999999979e+01
-9.931827739370000074e+01 1.924372858970000166e+01
-9.931839086969999641e+01 1.924347839800000060e+01
-9.931859327550000671e+01 1.924328225949999904e+01
-9.931872207429999833e+01 1.924320984039999871e+01
-9.931879056319999677e+01 1.924319243620000108e+01
-9.931887594440000555e+01 1.924323538160000169e+01
-9.931910791800000027e+01 1.924337273669999959e+01
-9.931926018529999567e+01 1.924344357389999871e+01
-9.931938889500000300e+01 1.924343446110000144e+01
-9.931953435830000387e+01 1.924339732589999841e+01
-9.931981439439999804e+01 1.924328108810000160e+01
-9.932005876990000104e+01 1.924314338510000155e+01
-9.932019088500000237e+01 1.924301755320000140e+01
-9.932035176169999602e+01 1.924286426169999942e+01
-9.932053402959999744e+01 1.924260626519999917e+01
-9.932078869250000253e+01 1.924228821439999848e+01
-9.932125818779999804e+01 1.924181841829999939e+01
-9.932212467440000125e+01 1.924091912969999996e+01
-9.932266915719999645e+01 1.924030654419999919e+01
-9.932289129320000143e+01 1.923981744629999824e+01
-9.932316433180000104e+01 1.923923122080000070e+01
-9.932316401420000318e+01 1.923906872459999917e+01
-9.932331448850000299e+01 1.923855492890000107e+01
-9.932330149119999874e+01 1.923845327009999906e+01
-9.932327708549999556e+01 1.923838780899999890e+01
-9.932323921610000639e+01 1.923831072839999834e+01
-9.932319410879999566e+01 1.923825302770000079e+01
-9.932311923400000353e+01 1.923820114269999948e+01
-9.932293767580000576e+01 1.923811264940000143e+01
-9.932287128670000698e+01 1.923801910359999923e+01
-9.932285600939999881e+01 1.923791423529999989e+01
-9.932285444699999744e+01 1.923776273289999850e+01
-9.932281609679999690e+01 1.923767897489999967e+01
-9.932276106850000019e+01 1.923761558809999883e+01
-9.932272983430000579e+01 1.923751143160000154e+01
-9.932285144860000514e+01 1.923671449640000120e+01
-9.932293525199999351e+01 1.923643642989999947e+01
-9.932299538579999876e+01 1.923590845680000072e+01
-9.932273661579999668e+01 1.923565345629999968e+01
-9.932276639040000532e+01 1.923530558079999864e+01
-9.932272135690000425e+01 1.923467517259999937e+01
-9.932263244879999320e+01 1.923408109409999867e+01
-9.932255391809999878e+01 1.923394437159999981e+01
-9.932255123669999364e+01 1.923382788270000177e+01
-9.932254829529999540e+01 1.923372617709999943e+01
-9.932225485159999323e+01 1.923264783420000157e+01
-9.932432029139999941e+01 1.923260979390000003e+01
-9.932435593709999466e+01 1.923430699929999932e+01
-9.932422826869999710e+01 1.923833787919999949e+01
-9.932351965729999677e+01 1.925074287099999992e+01
-9.932352026280000246e+01 1.925139129949999983e+01
-9.932367796149999606e+01 1.926427442470000173e+01
-9.932364317009999866e+01 1.926508666499999833e+01
-9.931878457119999837e+01 1.927322493129999970e+01
-9.931778973309999969e+01 1.927433584970000169e+01
-9.931738358629999652e+01 1.927487070460000140e+01
-9.931718900190000454e+01 1.927567366110000080e+01
-9.931711876309999809e+01 1.927617130399999823e+01
-9.931715528460000542e+01 1.927704624640000119e+01
-9.931684856440000431e+01 1.927766050489999827e+01
-9.931692114419999484e+01 1.927824653620000106e+01
-9.931670159579999790e+01 1.927930509939999837e+01
-9.931627149499999518e+01 1.927976801950000052e+01
-9.931613130290000413e+01 1.928078464680000081e+01
-9.931572929200000033e+01 1.928219932480000054e+01
-9.931573195869999893e+01 1.928289192189999923e+01
-9.931581736219999357e+01 1.928371004450000115e+01
-9.931624959399999852e+01 1.928439628830000174e+01
-9.931667385720000141e+01 1.928613638459999891e+01
-9.931658005500000286e+01 1.928718211469999844e+01
-9.931619814789999623e+01 1.928769925290000131e+01
-9.931604031269999666e+01 1.928869881840000033e+01
-9.931573505910000677e+01 1.928990306720000092e+01
-9.931614235259999646e+01 1.929031002889999868e+01
-9.931655752129999826e+01 1.929087774199999927e+01
-9.931668104749999770e+01 1.929171445549999930e+01
-9.931696017500000551e+01 1.929232385739999955e+01
-9.931704475879999450e+01 1.929260649120000082e+01
-9.931710685589999343e+01 1.929311393880000125e+01
-9.931712269349999644e+01 1.929340394249999946e+01
-9.931706967309999357e+01 1.929364331109999853e+01
-9.931702446319999922e+01 1.929396967559999965e+01
-9.931710904819999541e+01 1.929425230900000088e+01
-9.931695474910000598e+01 1.929464725909999956e+01
-9.931715410319999648e+01 1.929508649690000155e+01
-9.931716017520000150e+01 1.929581649769999885e+01
-9.931695263369999793e+01 1.929647525780000095e+01
-9.931677180399999827e+01 1.929701639370000166e+01
-9.931646403240000609e+01 1.929741869300000090e+01
-9.931635919740000418e+01 1.929774930239999975e+01
-9.931623369579999405e+01 1.929811342649999872e+01
-9.931623332060000564e+01 1.929834082520000038e+01
-9.931611029699999449e+01 1.929863621859999867e+01
-9.931601275970000131e+01 1.929881054610000035e+01
-9.931593663149999429e+01 1.929898483550000066e+01
-9.931589336230000242e+01 1.929917351399999959e+01
-9.931594703429999527e+01 1.929937608070000010e+01
-9.931614930109999761e+01 1.929959478600000011e+01
-9.931628878200000088e+01 1.929973102290000142e+01
-9.931639996520000579e+01 1.929987556709999907e+01
-9.931643703470000162e+01 1.929995295310000003e+01
-9.931643711949999442e+01 1.929999721060000084e+01
-9.931640808369999718e+01 1.930005442530000082e+01
-9.931610518179999758e+01 1.930025826760000029e+01
-9.931577475849999814e+01 1.930053276470000156e+01
-9.931543551069999864e+01 1.930088102579999898e+01
-9.931514315680000493e+01 1.930128608200000073e+01
-9.931479763919999471e+01 1.930142848470000061e+01
-9.931469068929999366e+01 1.930145271689999831e+01
-9.931441020110000295e+01 1.930137890829999847e+01
-9.931414127959999405e+01 1.930137937139999948e+01
-9.931398887379999962e+01 1.930144058000000129e+01
-9.931391690920000315e+01 1.930158925790000168e+01
-9.931387214800000152e+01 1.930194339799999881e+01
-9.931391538299999411e+01 1.930252292480000165e+01
-9.931388465220000228e+01 1.930306846659999920e+01
-9.931360436229999777e+01 1.930359255759999826e+01
-9.931326486860000102e+01 1.930393258859999861e+01
-9.931309512590000566e+01 1.930408867099999881e+01
-9.931287671639999814e+01 1.930417836270000009e+01
-9.931228041769999493e+01 1.930416847580000095e+01
-9.931209508729999413e+01 1.930416881369999871e+01
-9.931197272800000064e+01 1.930433935130000123e+01
-9.931202725519999319e+01 1.930455317339999866e+01
-9.931214020209999660e+01 1.930492686090000021e+01
-9.931228086410000344e+01 1.930522963139999959e+01
-9.931222881089999532e+01 1.930555092759999880e+01
-9.931205443039999636e+01 1.930596168019999936e+01
-9.931193102570000519e+01 1.930639616410000059e+01
-9.931178726900000697e+01 1.930656441400000034e+01
-9.931157186069999909e+01 1.930680513289999922e+01
-9.931141196149999928e+01 1.930689793009999988e+01
-9.931133193639999490e+01 1.930690359080000107e+01
-9.931120397930000365e+01 1.930687620930000037e+01
-9.931097246539999901e+01 1.930679533169999829e+01
-9.931088365390000661e+01 1.930674461879999981e+01
-9.931080600730000185e+01 1.930673422670000150e+01
-9.931074876200000290e+01 1.930676063330000147e+01
-9.931068601500000170e+01 1.930680985020000051e+01
-9.931063337700000204e+01 1.930689041850000010e+01
-9.931046565610000698e+01 1.930737593730000157e+01
-9.931041699409999524e+01 1.930745603280000111e+01
-9.931036974120000593e+01 1.930749962719999857e+01
-9.931032899039999506e+01 1.930753383029999881e+01
-9.931027663429999564e+01 1.930756155150000097e+01
-9.931021494300000541e+01 1.930758044470000101e+01
-9.931015382430000216e+01 1.930757851730000141e+01
-9.931010908320000397e+01 1.930755032549999939e+01
-9.930950687440000024e+01 1.930695787260000174e+01
-9.930942185690000201e+01 1.930677903429999986e+01
-9.930935586469999521e+01 1.930648327709999990e+01
-9.930933221360000118e+01 1.930618744879999937e+01
-9.930935856070000511e+01 1.930586961839999915e+01
-9.930944414680000421e+01 1.930560063509999935e+01
-9.930944152070000541e+01 1.930551800110000116e+01
-9.930941935869999782e+01 1.930545669780000040e+01
-9.930937060739999822e+01 1.930537259160000119e+01
-9.930929350089999730e+01 1.930526846600000113e+01
-9.930920765499999447e+01 1.930519974579999953e+01
-9.930912398179999911e+01 1.930514151170000048e+01
-9.930904041210000344e+01 1.930510407299999898e+01
-9.930896124839999572e+01 1.930508546329999930e+01
-9.930888870850000671e+01 1.930508558609999881e+01
-9.930879198760000293e+01 1.930509614769999871e+01
-9.930862750929999549e+01 1.930515671759999918e+01
-9.930836791190000667e+01 1.930530692820000027e+01
-9.930816336190000015e+01 1.930543780420000033e+01
-9.930797935329999859e+01 1.930556512300000094e+01
-9.930784661600000618e+01 1.930574734989999897e+01
-9.930775025990000415e+01 1.930593879630000131e+01
-9.930755870609999647e+01 1.930649620140000167e+01
-9.930739137010000661e+01 1.930688852740000172e+01
-9.930739382000000148e+01 1.930782343490000130e+01
-9.930735902280000005e+01 1.930787116730000008e+01
-9.930731119109999838e+01 1.930791719049999955e+01
-9.930725426380000442e+01 1.930795312669999930e+01
-9.930718145279999476e+01 1.930796577079999921e+01
-9.930710558239999841e+01 1.930798076589999823e+01
-9.930702009329999669e+01 1.930796832209999891e+01
-9.930696225730000037e+01 1.930793758989999986e+01
-9.930642322660000332e+01 1.930728600540000173e+01
-9.930637284450000379e+01 1.930723938619999913e+01
-9.930630771030000403e+01 1.930720528279999826e+01
-9.930624348850000160e+01 1.930718786679999965e+01
-9.930618894799999907e+01 1.930717711060000141e+01
-9.930613352769999835e+01 1.930716934679999852e+01
-9.930608571899999504e+01 1.930717151400000020e+01
-9.930602980659999446e+01 1.930718572279999989e+01
-9.930596477960000357e+01 1.930720919639999877e+01
-9.930590770359999908e+01 1.930724714719999824e+01
-9.930584923710000567e+01 1.930732035260000146e+01
-9.930578761350000150e+01 1.930739926320000066e+01
-9.930576027920000115e+01 1.930745212149999901e+01
-9.930560506339999449e+01 1.930779442860000117e+01
-9.930539676489999579e+01 1.930824422739999946e+01
-9.930506817840000622e+01 1.930897967809999827e+01
-9.930502867340000250e+01 1.930906352250000069e+01
-9.930495747259999462e+01 1.930913747809999848e+01
-9.930491388139999742e+01 1.930917025109999940e+01
-9.930486286929999551e+01 1.930919801889999832e+01
-9.930482239410000034e+01 1.930920296669999914e+01
-9.930471570279999582e+01 1.930920514829999846e+01
-9.930451526570000453e+01 1.930931092269999994e+01
-9.930446209219999787e+01 1.930937318570000016e+01
-9.930438532670000029e+01 1.930939574070000120e+01
-9.930429084349999869e+01 1.930942112800000032e+01
-9.930395694899999626e+01 1.931001738870000040e+01
-9.930366155929999650e+01 1.931062070409999976e+01
-9.930345239439999716e+01 1.931101718920000110e+01
-9.930341877290000241e+01 1.931106307909999842e+01
-9.930336284640000599e+01 1.931110599670000028e+01
-9.930330177800000513e+01 1.931114404299999876e+01
-9.930325947170000234e+01 1.931115236719999828e+01
-9.930321220640000490e+01 1.931115126050000086e+01
-9.930315737979999824e+01 1.931113835360000053e+01
-9.930312123900000643e+01 1.931112309010000061e+01
-9.930309877829999721e+01 1.931110538640000129e+01
-9.930305887069999926e+01 1.931107471360000005e+01
-9.930302472479999665e+01 1.931104175180000126e+01
-9.930276708680000297e+01 1.931078286159999990e+01
-9.930256903919999445e+01 1.931057714090000133e+01
-9.930202068869999721e+01 1.930988291750000130e+01
-9.930171210170000506e+01 1.930951182729999971e+01
-9.930161421750000272e+01 1.930948228300000125e+01
-9.930148210650000351e+01 1.930944604580000146e+01
-9.930145528980000336e+01 1.930943811630000084e+01
-9.930139509389999830e+01 1.930943821600000021e+01
-9.930132960509999407e+01 1.930945826550000177e+01
-9.930129000770000403e+01 1.930950947790000072e+01
-9.930126525279999328e+01 1.930957561989999860e+01
-9.930125809999999831e+01 1.930967417929999996e+01
-9.930125547010000275e+01 1.931100425039999990e+01
-9.930126623350000159e+01 1.931135630920000068e+01
-9.930117284909999853e+01 1.931190128100000081e+01
-9.930111443360000578e+01 1.931210797379999988e+01
-9.930109009580000645e+01 1.931220725289999862e+01
-9.930102976749999755e+01 1.931226933190000139e+01
-9.930097558360000676e+01 1.931229596369999868e+01
-9.930091518499999381e+01 1.931231932320000055e+01
-9.930053803110000388e+01 1.931242689109999944e+01
-9.930049018169999897e+01 1.931245310230000101e+01
-9.930047175609999499e+01 1.931249358590000043e+01
-9.930032083550000266e+01 1.931286921310000082e+01
-9.930014063000000135e+01 1.931334315770000032e+01
-9.930007598980000694e+01 1.931354692229999870e+01
-9.930004688079999653e+01 1.931375256970000009e+01
-9.930003685180000161e+01 1.931397281299999946e+01
-9.930010276439999473e+01 1.931435664190000168e+01
-9.930023090100000616e+01 1.931458485739999986e+01
-9.930043806739999468e+01 1.931508304660000164e+01
-9.930062749229999497e+01 1.931559824420000027e+01
-9.930073443729999383e+01 1.931607445559999903e+01
-9.930113800169999649e+01 1.931690735400000136e+01
-9.930113456479999456e+01 1.931705174440000050e+01
-9.930115482019999718e+01 1.931717524240000117e+01
-9.930119039779999923e+01 1.931746500290000057e+01
-9.930125882330000309e+01 1.931771263910000158e+01
-9.930132223139999326e+01 1.931780800960000022e+01
-9.930137663790000602e+01 1.931786693360000129e+01
-9.930175897360000192e+01 1.931819494040000151e+01
-9.930178936209999563e+01 1.931825080409999984e+01
-9.930180542719999437e+01 1.931830463889999905e+01
-9.930179498030000218e+01 1.931841242300000161e+01
-9.930177561109999829e+01 1.931849158220000007e+01
-9.930174377420000553e+01 1.931854380840000118e+01
-9.930169045670000116e+01 1.931859479359999909e+01
-9.930161065270000620e+01 1.931861011189999999e+01
-9.930150776829999870e+01 1.931861529860000104e+01
-9.930134359870000083e+01 1.931861929060000094e+01
-9.930124952869999788e+01 1.931871620849999971e+01
-9.930118910609999716e+01 1.931886537260000125e+01
-9.930117323810000585e+01 1.931897380919999918e+01
-9.930113771770000142e+01 1.931907211469999908e+01
-9.930110306139999921e+01 1.931923856830000119e+01
-9.930110981640000034e+01 1.931944795220000088e+01
-9.930105438549999519e+01 1.931966034030000046e+01
-9.930098828600000616e+01 1.931978965189999897e+01
-9.930084728890000179e+01 1.931991584940000095e+01
-9.930079779519999761e+01 1.932003319340000047e+01
-9.930073123059999318e+01 1.932013496349999926e+01
-9.930066843170000368e+01 1.932021301960000059e+01
-9.930059721669999817e+01 1.932044919959999874e+01
-9.930059421190000535e+01 1.932060993360000012e+01
-9.930062909430000673e+01 1.932091866129999858e+01
-9.930058715910000444e+01 1.932114126280000121e+01
-9.930055954530000406e+01 1.932132031349999934e+01
-9.930049992230000555e+01 1.932147945690000057e+01
-9.930050021450000486e+01 1.932163909930000045e+01
-9.930054802019999727e+01 1.932178131119999875e+01
-9.930056233569999335e+01 1.932191081870000104e+01
-9.930057164459999797e+01 1.932203016149999897e+01
-9.930057147940000561e+01 1.932212985110000147e+01
-9.930056284510000353e+01 1.932218947209999982e+01
-9.930052944429999684e+01 1.932225407509999826e+01
-9.930046630389999507e+01 1.932230410269999865e+01
-9.930040925870000024e+01 1.932232763829999911e+01
-9.930034528630000068e+01 1.932233914540000086e+01
-9.930021606920000465e+01 1.932232471840000088e+01
-9.930016780840000479e+01 1.932230099139999879e+01
-9.930010582110000428e+01 1.932225489409999852e+01
-9.930004282299999829e+01 1.932217550649999893e+01
-9.929980820100000471e+01 1.932189732919999869e+01
-9.929974186990000362e+01 1.932174386790000042e+01
-9.929961493220000079e+01 1.932150711119999897e+01
-9.929931516819999615e+01 1.932128427410000171e+01
-9.929907845709999492e+01 1.932118742009999934e+01
-9.929899543790000394e+01 1.932106039339999981e+01
-9.929884887689999573e+01 1.932067735149999876e+01
-9.929881197349999411e+01 1.932047160309999967e+01
-9.929869184179999309e+01 1.931993950849999919e+01
-9.929857069450000040e+01 1.931968743559999879e+01
-9.929840424539999333e+01 1.931944023080000150e+01
-9.929827687259999891e+01 1.931930926209999910e+01
-9.929815910950000557e+01 1.931918547000000075e+01
-9.929797256940000239e+01 1.931909683090000129e+01
-9.929770939770000382e+01 1.931898742939999991e+01
-9.929753557979999812e+01 1.931894689070000126e+01
-9.929733622249999314e+01 1.931891289129999834e+01
-9.929709847329999661e+01 1.931885057099999869e+01
-9.929688380579999318e+01 1.931875827149999836e+01
-9.929673969069999373e+01 1.931863406020000085e+01
-9.929642840809999882e+01 1.931822910960000073e+01
-9.929640142450000440e+01 1.931811147759999869e+01
-9.929639424219999455e+01 1.931799909709999952e+01
-9.929644389019999551e+01 1.931778787229999850e+01
-9.929654348420000076e+01 1.931746915309999935e+01
-9.929655436490000397e+01 1.931738063710000119e+01
-9.929651862379999727e+01 1.931729579259999952e+01
-9.929646134739999752e+01 1.931722939570000008e+01
-9.929634535889999825e+01 1.931717337059999906e+01
-9.929612481430000059e+01 1.931719838580000115e+01
-9.929591518520000193e+01 1.931730771670000024e+01
-9.929567178240000658e+01 1.931748136410000072e+01
-9.929557465000000605e+01 1.931755033350000161e+01
-9.929546755020000148e+01 1.931756370289999936e+01
-9.929535920969999552e+01 1.931753590239999951e+01
-9.929526757009999471e+01 1.931744968150000119e+01
-9.929516583619999892e+01 1.931730283430000128e+01
-9.929499342600000489e+01 1.931701674860000040e+01
-9.929492121660000237e+01 1.931694553810000059e+01
-9.929484629179999899e+01 1.931691876789999895e+01
-9.929477267320000067e+01 1.931691569539999875e+01
-9.929474039439999444e+01 1.931691434800000096e+01
-9.929457576389999929e+01 1.931700568959999842e+01
-9.929451850709999405e+01 1.931712872720000007e+01
-9.929437650619999545e+01 1.931741591040000117e+01
-9.929427226430000530e+01 1.931764021040000046e+01
-9.929418493740000429e+01 1.931783531860000025e+01
-9.929398977009999783e+01 1.931827673280000113e+01
-9.929389264729999809e+01 1.931850123550000120e+01
-9.929380714769999372e+01 1.931870739949999916e+01
-9.929375953759999618e+01 1.931883148600000055e+01
-9.929371758960000705e+01 1.931896845019999986e+01
-9.929361687910000001e+01 1.931956469740000060e+01
-9.929356379300000413e+01 1.931988000309999975e+01
-9.929343834239999467e+01 1.932016823420000051e+01
-9.929332248880000122e+01 1.932033995249999947e+01
-9.929314347780000105e+01 1.932053104759999940e+01
-9.929298708499999293e+01 1.932065891290000081e+01
-9.929280594940000526e+01 1.932079218490000017e+01
-9.929259312220000311e+01 1.932090372600000094e+01
-9.929238984280000579e+01 1.932097811570000090e+01
-9.929215989159999367e+01 1.932103324799999911e+01
-9.929197871920000296e+01 1.932106366020000010e+01
-9.929175875529999473e+01 1.932110306870000116e+01
-9.929142498230000058e+01 1.932116684969999909e+01
-9.929101651150000407e+01 1.932125393509999967e+01
-9.929075372539999478e+01 1.932132822310000009e+01
-9.929070303989999502e+01 1.932134951060000105e+01
-9.929057247519999407e+01 1.932145481830000122e+01
-9.929048422680000385e+01 1.932156928870000101e+01
-9.929045138440000073e+01 1.932166214049999908e+01
-9.929042860459999531e+01 1.932176168819999873e+01
-9.929042273769999838e+01 1.932189533980000107e+01
-9.929043683010000620e+01 1.932201058949999961e+01
-9.929049565709999570e+01 1.932213479340000006e+01
-9.929056376990000388e+01 1.932222460050000024e+01
-9.929067053629999862e+01 1.932231552209999847e+01
-9.929084125299999641e+01 1.932241365490000007e+01
-9.929116327949999743e+01 1.932252466690000148e+01
-9.929130217850000406e+01 1.932261641810000086e+01
-9.929136536119999334e+01 1.932267017219999872e+01
-9.929142541989999415e+01 1.932274039050000169e+01
-9.929148215200000038e+01 1.932284364379999886e+01
-9.929151405669999519e+01 1.932294080899999855e+01
-9.929153140760000440e+01 1.932299364980000078e+01
-9.929158386679999637e+01 1.932330098439999944e+01
-9.929161445969999988e+01 1.932346083630000066e+01
-9.929166956470000116e+01 1.932377739220000024e+01
-9.929174124749999919e+01 1.932420793249999846e+01
-9.929175386059999653e+01 1.932436043390000080e+01
-9.929176185410000244e+01 1.932447053219999944e+01
-9.929175229960000593e+01 1.932466290240000006e+01
-9.929171172469999362e+01 1.932486637390000084e+01
-9.929165405509999687e+01 1.932503495639999969e+01
-9.929158136489999720e+01 1.932518423599999835e+01
-9.929148700019999296e+01 1.932535212890000054e+01
-9.929137027289999651e+01 1.932552803349999948e+01
-9.929133843949999516e+01 1.932557600590000035e+01
-9.929092983770000558e+01 1.932634867330000006e+01
-9.929080881080000154e+01 1.932657753339999829e+01
-9.929078244100000461e+01 1.932664886859999953e+01
-9.929077646979999372e+01 1.932679150999999962e+01
-9.929077474230000178e+01 1.932695764010000161e+01
-9.929079894939999917e+01 1.932705967480000098e+01
-9.929126704230000655e+01 1.932818433010000092e+01
-9.929135953109999946e+01 1.932844733110000135e+01
-9.929138941680000130e+01 1.932867563359999963e+01
-9.929136657930000354e+01 1.932884041610000025e+01
-9.929132227809999733e+01 1.932899094280000085e+01
-9.929126433819999420e+01 1.932915726590000105e+01
-9.929117670899999837e+01 1.932935369349999988e+01
-9.929086449080000421e+01 1.932979988179999964e+01
-9.929082546169999546e+01 1.932985393270000074e+01
-9.929031783610000161e+01 1.933055677729999999e+01
-9.929014771549999807e+01 1.933079294470000065e+01
-9.928973663450000231e+01 1.933170502149999948e+01
-9.928945629189999522e+01 1.933209961489999884e+01
-9.928886645410000256e+01 1.933278477749999880e+01
-9.928855200659999980e+01 1.933308535100000114e+01
-9.928832321740000566e+01 1.933330404519999846e+01
-9.928825568899999610e+01 1.933336116579999953e+01
-9.928817143530000067e+01 1.933341553620000042e+01
-9.928807250379999516e+01 1.933345939630000032e+01
-9.928795991219999451e+01 1.933347811759999857e+01
-9.928789396669999689e+01 1.933347177459999955e+01
-9.928782803619999697e+01 1.933344796000000088e+01
-9.928777466459999346e+01 1.933341185069999923e+01
-9.928772962879999398e+01 1.933336644270000093e+01
-9.928769518379999681e+01 1.933330863489999984e+01
-9.928767084870000303e+01 1.933323066459999851e+01
-9.928765689749999979e+01 1.933315336640000126e+01
-9.928765771950000385e+01 1.933306334410000105e+01
-9.928768293080000262e+01 1.933295980260000135e+01
-9.928785893920000660e+01 1.933251062720000135e+01
-9.928809708500000397e+01 1.933201546540000137e+01
-9.928818660219999970e+01 1.933183089070000094e+01
-9.928828917670000465e+01 1.933157586700000152e+01
-9.928837061279999432e+01 1.933132229410000136e+01
-9.928839552110000000e+01 1.933113439679999956e+01
-9.928837158669999496e+01 1.933090798659999976e+01
-9.928832270220000566e+01 1.933066976099999934e+01
-9.928819782380000447e+01 1.933049085160000047e+01
-9.928807313400000112e+01 1.933038169450000154e+01
-9.928799091739999483e+01 1.933030055620000098e+01
-9.928787567320000562e+01 1.933022335609999942e+01
-9.928743248150000511e+01 1.933001212960000004e+01
-9.928710134569999468e+01 1.932985702110000048e+01
-9.928691004249999708e+01 1.932977553219999933e+01
-9.928677476180000383e+01 1.932973892120000059e+01
-9.928669857110000407e+01 1.932977083609999980e+01
-9.928678118480000592e+01 1.932985153559999958e+01
-9.928710543840000469e+01 1.933019994849999890e+01
-9.928733025520000410e+01 1.933043209999999945e+01
-9.928741253859999460e+01 1.933054766320000084e+01
-9.928747298560000445e+01 1.933066634440000087e+01
-9.928751630790000604e+01 1.933082078869999876e+01
-9.928752630889999864e+01 1.933095376609999860e+01
-9.928752344539999797e+01 1.933099108549999912e+01
-9.928751996309999583e+01 1.933103646400000031e+01
-9.928749770989999490e+01 1.933114925590000155e+01
-9.928743988930000341e+01 1.933129546380000008e+01
-9.928729702479999730e+01 1.933157922870000078e+01
-9.928693082380000590e+01 1.933232298160000084e+01
-9.928676751739999418e+01 1.933262970339999853e+01
-9.928653039389999435e+01 1.933311786439999835e+01
-9.928628900260000023e+01 1.933358459709999977e+01
-9.928598539639999387e+01 1.933424489769999965e+01
-9.928519236379999313e+01 1.933611370819999919e+01
-9.928512055970000461e+01 1.933626834669999894e+01
-9.928508626320000019e+01 1.933632180389999888e+01
-9.928505028399999333e+01 1.933637788569999927e+01
-9.928495155049999710e+01 1.933647205089999943e+01
-9.928484921579999423e+01 1.933653652910000176e+01
-9.928471395680000455e+01 1.933661474859999885e+01
-9.928460376900000028e+01 1.933664650569999921e+01
-9.928447773089999373e+01 1.933666469839999991e+01
-9.928433321740000395e+01 1.933667613309999922e+01
-9.928396024910000506e+01 1.933662495969999995e+01
-9.928381498059999899e+01 1.933660371990000115e+01
-9.928357467319999330e+01 1.933653100669999958e+01
-9.928329956509999477e+01 1.933641488339999981e+01
-9.928315608089999955e+01 1.933632740299999853e+01
-9.928302058920000661e+01 1.933623709429999948e+01
-9.928238251179999452e+01 1.933580027249999844e+01
-9.928222551109999472e+01 1.933571642969999971e+01
-9.928207551209999338e+01 1.933564906639999847e+01
-9.928196672990000593e+01 1.933560717860000011e+01
-9.928183705610000231e+01 1.933555369480000152e+01
-9.928065126299999577e+01 1.933521054590000077e+01
-9.928049778599999797e+01 1.933517577339999960e+01
-9.928038129239999421e+01 1.933518251679999977e+01
-9.928029826750000097e+01 1.933519905480000034e+01
-9.928021065650000310e+01 1.933523201059999863e+01
-9.928014038560000643e+01 1.933528681960000029e+01
-9.928009050400000035e+01 1.933535852609999850e+01
-9.928006196639999814e+01 1.933545448830000169e+01
-9.928003039799999385e+01 1.933609814200000088e+01
-9.928005422440000416e+01 1.933624795280000086e+01
-9.928010791740000229e+01 1.933636089939999891e+01
-9.928015750309999987e+01 1.933645526100000112e+01
-9.928021723439999846e+01 1.933652813009999960e+01
-9.928060918810000146e+01 1.933673274219999882e+01
-9.928096441629999447e+01 1.933692018629999865e+01
-9.928105877769999665e+01 1.933700650389999964e+01
-9.928112151969999388e+01 1.933709913490000076e+01
-9.928115986250000446e+01 1.933721226620000166e+01
-9.928116824100000315e+01 1.933732893279999843e+01
-9.928115624350000701e+01 1.933743407620000099e+01
-9.928095585730000039e+01 1.933738012270000084e+01
-9.928063913389999584e+01 1.933733723099999935e+01
-9.928031393960000628e+01 1.933735155890000001e+01
-9.928003749639999853e+01 1.933742554719999873e+01
-9.927986723099999722e+01 1.933757004319999950e+01
-9.927964788490000103e+01 1.933762912199999917e+01
-9.927920780700000591e+01 1.933760449240000057e+01
-9.927884395629999403e+01 1.933767346120000141e+01
-9.927849817940000321e+01 1.933773381729999841e+01
-9.927800625109999544e+01 1.933795552919999849e+01
-9.927731994639999868e+01 1.933831047429999828e+01
-9.927658173739999370e+01 1.933860015570000002e+01
-9.927598781140000028e+01 1.933886277579999913e+01
-9.927539341760000013e+01 1.933907397160000130e+01
-9.927502166070000555e+01 1.933925744769999966e+01
-9.927450844400000562e+01 1.933945071529999993e+01
-9.927421423449999338e+01 1.933955056750000168e+01
-9.927387583990000053e+01 1.933975947569999931e+01
-9.927360323599999958e+01 1.933991342899999921e+01
-9.927330643550000389e+01 1.934005910309999976e+01
-9.927312925489999884e+01 1.934011503849999869e+01
-9.927296089940000456e+01 1.934015369910000004e+01
-9.927284998029999485e+01 1.934020899189999909e+01
-9.927267043790000400e+01 1.934033352330000000e+01
-9.927249382259999777e+01 1.934044377129999859e+01
-9.927232886029999293e+01 1.934051956940000139e+01
-9.927208270229999698e+01 1.934060470700000067e+01
-9.927177074710000682e+01 1.934074190629999990e+01
-9.927143776970000033e+01 1.934089070370000130e+01
-9.927069637339999986e+01 1.934116608729999953e+01
-9.927036112269999535e+01 1.934138067820000018e+01
-9.926998052970000685e+01 1.934158132800000018e+01
-9.926983752220000667e+01 1.934175134939999907e+01
-9.926948768690000691e+01 1.934201467129999941e+01
-9.926934929499999782e+01 1.934203873439999910e+01
-9.926916167989999451e+01 1.934194601800000157e+01
-9.926893812420000529e+01 1.934188227330000132e+01
-9.926882946099999572e+01 1.934186318480000111e+01
-9.926872690070000260e+01 1.934184977989999865e+01
-9.926863949200000548e+01 1.934184484800000092e+01
-9.926854609560000142e+01 1.934184570820000104e+01
-9.926848006039999461e+01 1.934186912170000028e+01
-9.926841697090000594e+01 1.934188972959999830e+01
-9.926838112049999552e+01 1.934191580990000148e+01
-9.926834539310000594e+01 1.934195897020000032e+01
-9.926830356380000353e+01 1.934199653659999996e+01
-9.926823176240000635e+01 1.934204580489999969e+01
-9.926817794080000112e+01 1.934208628040000022e+01
-9.926798438020000503e+01 1.934231674500000153e+01
-9.926764485619999334e+01 1.934271723359999839e+01
-9.926734852219999539e+01 1.934321462750000009e+01
-9.926709899630000677e+01 1.934357422520000114e+01
-9.926693257969999706e+01 1.934381305300000164e+01
-9.926683512229999451e+01 1.934401129249999940e+01
-9.926677553000000387e+01 1.934407473110000097e+01
-9.926662232520000373e+01 1.934412466079999859e+01
-9.926652291979999632e+01 1.934411983500000076e+01
-9.926637818140000036e+01 1.934410685239999950e+01
-9.926626353279999648e+01 1.934409635580000142e+01
-9.926616096719999405e+01 1.934408014830000155e+01
-9.926604336309999610e+01 1.934406685449999941e+01
-9.926596195170000669e+01 1.934406191269999908e+01
-9.926587476970000523e+01 1.934407984290000115e+01
-9.926578182679999429e+01 1.934412643059999937e+01
-9.926576090359999682e+01 1.934414083020000064e+01
-9.926566898379999770e+01 1.934429035040000144e+01
-9.926563992600000574e+01 1.934439639989999904e+01
-9.926558767199999522e+01 1.934446443619999911e+01
-9.926556258949999290e+01 1.934449718750000002e+01
-9.926546671709999714e+01 1.934455814869999912e+01
-9.926540972969999643e+01 1.934458434869999977e+01
-9.926530445779999923e+01 1.934460248659999948e+01
-9.926521737560000247e+01 1.934462321810000063e+01
-9.926513313499999924e+01 1.934463545110000027e+01
-9.926508192309999856e+01 1.934464158069999939e+01
-9.926502481679999335e+01 1.934465350210000167e+01
-9.926497686919999808e+01 1.934467679750000002e+01
-9.926493797519999873e+01 1.934470577309999939e+01
-9.926489626199999350e+01 1.934475761799999916e+01
-9.926488167419999797e+01 1.934480345820000124e+01
-9.926488212910000186e+01 1.934484927629999973e+01
-9.926489559799999540e+01 1.934499493770000100e+01
-9.926487570700000163e+01 1.934511814409999886e+01
-9.926484347960000321e+01 1.934520702749999899e+01
-9.926477485469999351e+01 1.934527915449999824e+01
-9.926470882210000468e+01 1.934530545859999862e+01
-9.926464243889999750e+01 1.934529172739999936e+01
-9.926454576119999729e+01 1.934526683460000029e+01
-9.926446421779999696e+01 1.934523902820000174e+01
-9.926437670769999499e+01 1.934523120249999906e+01
-9.926430771850000667e+01 1.934525470930000068e+01
-9.926424192230000187e+01 1.934530957020000130e+01
-9.926419725309999365e+01 1.934535861679999869e+01
-9.926417408839999723e+01 1.934545887430000022e+01
-9.926417532860000392e+01 1.934557897759999889e+01
-9.926416776039999945e+01 1.934572774220000113e+01
-9.926416280409999615e+01 1.934584216089999842e+01
-9.926414585519999889e+01 1.934595957999999882e+01
-9.926408614209999826e+01 1.934600873839999835e+01
-9.926402610670000115e+01 1.934603494339999941e+01
-9.926391788280000128e+01 1.934605308409999935e+01
-9.926382437450000396e+01 1.934604535700000127e+01
-9.926374308050000650e+01 1.934605460270000066e+01
-9.926362570649999384e+01 1.934606706299999956e+01
-9.926350865950000468e+01 1.934610527919999967e+01
-9.926343075810000016e+01 1.934615175300000089e+01
-9.926335613809999359e+01 1.934622677990000028e+01
-9.926332084880000650e+01 1.934630717199999950e+01
-9.926329779229999417e+01 1.934641601399999900e+01
-9.926328060710000045e+01 1.934650478549999875e+01
-9.926324849610000456e+01 1.934660803690000108e+01
-9.926319536760000517e+01 1.934672577910000157e+01
-9.926314765029999876e+01 1.934677473949999893e+01
-9.926306092519999424e+01 1.934684128900000033e+01
-9.926297397739999440e+01 1.934688786599999943e+01
-9.926289266940000289e+01 1.934688852589999897e+01
-9.926282322989999329e+01 1.934686919589999832e+01
-9.926273525130000053e+01 1.934680705539999934e+01
-9.926263812359999861e+01 1.934673923549999941e+01
-9.926257151820000502e+01 1.934670553180000141e+01
-9.926251112369999419e+01 1.934668600859999898e+01
-9.926243254489999401e+01 1.934666669130000116e+01
-9.926234524699999895e+01 1.934667323340000067e+01
-9.926224313379999842e+01 1.934670266110000014e+01
-9.926215334389999612e+01 1.934675782749999939e+01
-9.926208471200000361e+01 1.934682706110000083e+01
-9.926204016009999975e+01 1.934689038659999838e+01
-9.926196236549999696e+01 1.934694535439999896e+01
-9.926189927849999606e+01 1.934696885110000153e+01
-9.926170116289999612e+01 1.934703917539999907e+01
-9.926162291929999526e+01 1.934705130689999919e+01
-9.926156569409999975e+01 1.934704894949999954e+01
-9.926146618260000309e+01 1.934703842820000119e+01
-9.926139087239999981e+01 1.934703907820000168e+01
-9.926125914019999641e+01 1.934712313280000018e+01
-9.926119334189999677e+01 1.934717808399999939e+01
-9.926100675070000534e+01 1.934719118390000148e+01
-9.926087412459999371e+01 1.934719236749999993e+01
-9.926077235530000564e+01 1.934725902799999986e+01
-9.926072485470000117e+01 1.934732515840000033e+01
-9.926066584800000214e+01 1.934746007880000107e+01
-9.926062706209999931e+01 1.934749763869999839e+01
-9.926057311869999467e+01 1.934752383420000044e+01
-9.926043165629999976e+01 1.934753650769999922e+01
-9.926034413630000586e+01 1.934752298649999958e+01
-9.926027786129999697e+01 1.934751783959999827e+01
-9.926020266919999813e+01 1.934753285809999923e+01
-9.925997405290000586e+01 1.934761829600000027e+01
-9.925989996410000060e+01 1.934767514400000010e+01
-9.925981906929999354e+01 1.934774828780000178e+01
-9.925972030779999500e+01 1.934779053600000154e+01
-9.925960577060000389e+01 1.934781922379999841e+01
-9.925943569429999513e+01 1.934787771930000133e+01
-9.925903174379999427e+01 1.934803290540000020e+01
-9.925899751410000249e+01 1.934805915720000158e+01
-9.925896915200000592e+01 1.934812092629999825e+01
-9.925897431580000330e+01 1.934817300139999929e+01
-9.925901299870000116e+01 1.934821056199999845e+01
-9.925907094720000146e+01 1.934821916019999932e+01
-9.925916033279999340e+01 1.934818238180000094e+01
-9.925927610990000005e+01 1.934812338269999898e+01
-9.925957261070000470e+01 1.934800737060000131e+01
-9.925967187770000066e+01 1.934797425600000054e+01
-9.925973143619999917e+01 1.934797192119999920e+01
-9.925981764600000190e+01 1.934797945420000076e+01
-9.926008633290000205e+01 1.934805266260000067e+01
-9.926018791719999967e+01 1.934806480980000032e+01
-9.926032813240000507e+01 1.934806603779999890e+01
-9.926057077180000476e+01 1.934801226220000103e+01
-9.926071769639999332e+01 1.934793932130000016e+01
-9.926084701269999755e+01 1.934785925350000113e+01
-9.926095679780000580e+01 1.934776547310000083e+01
-9.926101510620000568e+01 1.934774973220000049e+01
-9.926107344320000436e+01 1.934775173670000115e+01
-9.926112301099999513e+01 1.934777671639999852e+01
-9.926113190130000419e+01 1.934782993720000022e+01
-9.926107958779999763e+01 1.934789824119999935e+01
-9.926101837139999873e+01 1.934795293739999877e+01
-9.926057022649999340e+01 1.934820944630000028e+01
-9.926036118400000419e+01 1.934825586210000026e+01
-9.926021102629999859e+01 1.934827190509999895e+01
-9.925998941240000306e+01 1.934828128799999902e+01
-9.925989901980000241e+01 1.934829080800000156e+01
-9.925979832390000013e+01 1.934833286630000160e+01
-9.925971995570000672e+01 1.934838949710000122e+01
-9.925963844810000580e+01 1.934847371120000048e+01
-9.925956735890000004e+01 1.934856299449999995e+01
-9.925949756580000383e+01 1.934868727810000166e+01
-9.925941538189999847e+01 1.934884270839999942e+01
-9.925932600449999654e+01 1.934895373670000041e+01
-9.925922758929999645e+01 1.934906093860000098e+01
-9.925899212929999749e+01 1.934922737710000007e+01
-9.925862019059999852e+01 1.934943286669999907e+01
-9.925831649520000610e+01 1.934961188669999999e+01
-9.925827497020000578e+01 1.934964811700000098e+01
-9.925822587230000238e+01 1.934971017570000029e+01
-9.925820658050000134e+01 1.934975994150000034e+01
-9.925819867469999735e+01 1.934980428440000111e+01
-9.925820216249999817e+01 1.934984861210000062e+01
-9.925820740839999701e+01 1.934989357330000104e+01
-9.925822908210000151e+01 1.934994839100000164e+01
-9.925825909869999464e+01 1.934999460539999916e+01
-9.925828875240000571e+01 1.935002850860000123e+01
-9.925832342510000217e+01 1.935005560740000163e+01
-9.925835089599999606e+01 1.935006721819999953e+01
-9.925838259680000419e+01 1.935007398930000022e+01
-9.925841450629999940e+01 1.935007111619999876e+01
-9.925903841950000128e+01 1.934996222919999909e+01
-9.925908713600000510e+01 1.934996626890000115e+01
-9.925915319409999427e+01 1.934998466409999907e+01
-9.925922145069999658e+01 1.935002462779999988e+01
-9.925926697650000108e+01 1.935006462309999975e+01
-9.925930798599999605e+01 1.935012107169999851e+01
-9.925933078449999414e+01 1.935017467280000147e+01
-9.925934926819999760e+01 1.935024557270000045e+01
-9.925937692130000300e+01 1.935037197569999989e+01
-9.925938602109999920e+01 1.935050963569999993e+01
-9.925932475119999765e+01 1.935071657470000162e+01
-9.925926893669999629e+01 1.935092792200000034e+01
-9.925923739329999762e+01 1.935122081400000127e+01
-9.925923087719999671e+01 1.935151881570000043e+01
-9.925924858999999856e+01 1.935177454649999973e+01
-9.925940270739999960e+01 1.935247888680000017e+01
-9.925946573730000466e+01 1.935281776840000134e+01
-9.925984149759999298e+01 1.935420722459999965e+01
-9.926001619779999885e+01 1.935528522659999950e+01
-9.926015613680000627e+01 1.935587205819999923e+01
-9.926025171999999941e+01 1.935648857409999835e+01
-9.926031362390000368e+01 1.935697521830000056e+01
-9.926059403179999663e+01 1.935833261910000047e+01
-9.926091044929999896e+01 1.935983749780000096e+01
-9.926104706450000492e+01 1.936054314809999966e+01
-9.926113327490000415e+01 1.936082573750000080e+01
-9.926125984360000132e+01 1.936104440269999927e+01
-9.926143108290000328e+01 1.936121916489999961e+01
-9.926168222130000629e+01 1.936142958310000139e+01
-9.926185308150000708e+01 1.936156216439999866e+01
-9.926199564869999392e+01 1.936166779459999887e+01
-9.926224321540000517e+01 1.936181784149999885e+01
-9.926253763629999582e+01 1.936198980840000061e+01
-9.926282667559999595e+01 1.936213105099999865e+01
-9.926322463159999643e+01 1.936228399930000066e+01
-9.926374074470000153e+01 1.936245015169999917e+01
-9.926426478630000361e+01 1.936259922809999878e+01
-9.926484298180000110e+01 1.936276083499999956e+01
-9.926510479220000605e+01 1.936284245339999899e+01
-9.926534850619999872e+01 1.936292936079999905e+01
-9.926563874919999364e+01 1.936306690849999868e+01
-9.926591530279999631e+01 1.936319796749999966e+01
-9.926683311460000425e+01 1.936354527720000007e+01
-9.926657759479999754e+01 1.936396091789999829e+01
-9.926651587380000308e+01 1.936416532309999994e+01
-9.926647333370000581e+01 1.936439420669999834e+01
-9.926645288439999604e+01 1.936469008150000093e+01
-9.926646081020000167e+01 1.936501988519999884e+01
-9.926649155580000183e+01 1.936527971450000152e+01
-9.926653247710000016e+01 1.936553454330000079e+01
-9.926657406430000208e+01 1.936564851099999984e+01
-9.926660516079999752e+01 1.936579942290000034e+01
-9.926665747440000587e+01 1.936614884520000146e+01
-9.926676313709999988e+01 1.936681000309999945e+01
-9.926678903869999715e+01 1.936702769920000122e+01
-9.926677932670000359e+01 1.936751505770000037e+01
-9.926672311100000456e+01 1.936780870719999825e+01
-9.926665780140000095e+01 1.936806541529999848e+01
-9.926657606509999709e+01 1.936831870370000175e+01
-9.926635848819999808e+01 1.936886626109999909e+01
-9.926604696939999428e+01 1.936961817730000135e+01
-9.926580440210000233e+01 1.937020529289999971e+01
-9.926545061509999357e+01 1.937102656740000128e+01
-9.926507495040000606e+01 1.937174564060000037e+01
-9.926531470850000005e+01 1.937195974429999978e+01
-9.926540668730000050e+01 1.937201944179999913e+01
-9.926549195559999816e+01 1.937203716180000157e+01
-9.926558822830000395e+01 1.937201392880000128e+01
-9.926580371389999868e+01 1.937185814660000105e+01
-9.926607353919999355e+01 1.937162533109999885e+01
-9.926618021429999317e+01 1.937150006379999923e+01
-9.926622265880000384e+01 1.937137279799999945e+01
-9.926624548920000279e+01 1.937123893969999955e+01
-9.926629941410000413e+01 1.937101211150000069e+01
-9.926639534230000095e+01 1.937072083219999996e+01
-9.926644513169999584e+01 1.937063551279999984e+01
-9.926664655129999915e+01 1.937028973640000018e+01
-9.926686793700000067e+01 1.936989948760000146e+01
-9.926709929010000621e+01 1.936950604280000121e+01
-9.926719720180000195e+01 1.936934607210000081e+01
-9.926731516360000285e+01 1.936922671700000009e+01
-9.926749654939999346e+01 1.936908413080000102e+01
-9.926779016550000279e+01 1.936885657290000040e+01
-9.926791552340000635e+01 1.936878750789999870e+01
-9.926805742850000058e+01 1.936874190039999988e+01
-9.926815974509999307e+01 1.936871670200000040e+01
-9.926828188790000240e+01 1.936870086689999937e+01
-9.926843379340000695e+01 1.936871316719999925e+01
-9.926861836119999793e+01 1.936880611879999847e+01
-9.926901606949999746e+01 1.936896779290000126e+01
-9.926910864449999394e+01 1.936906384650000135e+01
-9.926894901279999317e+01 1.936924114480000014e+01
-9.926863238059999617e+01 1.936960781550000021e+01
-9.926839247450000414e+01 1.937005262310000120e+01
-9.926832523449999712e+01 1.937025201779999861e+01
-9.926827490120000164e+01 1.937042043639999989e+01
-9.926825146359999508e+01 1.937059045040000171e+01
-9.926824146580000274e+01 1.937069745359999828e+01
-9.926822779149999576e+01 1.937095384890000105e+01
-9.926825931850000018e+01 1.937123377760000054e+01
-9.926829571230000226e+01 1.937146279579999941e+01
-9.926837995219999300e+01 1.937180883619999960e+01
-9.926889461439999707e+01 1.937166748010000106e+01
-9.926977801380000699e+01 1.937144435609999960e+01
-9.927008373869999502e+01 1.937220387140000000e+01
-9.927013160180000284e+01 1.937235596180000030e+01
-9.927015664249999816e+01 1.937250337569999914e+01
-9.927016100970000423e+01 1.937262913160000011e+01
-9.927015757120000217e+01 1.937271516019999851e+01
-9.927014340249999691e+01 1.937281026000000139e+01
-9.927010557030000371e+01 1.937292128039999994e+01
-9.927007191200000591e+01 1.937299699509999940e+01
-9.927002689680000458e+01 1.937306970570000075e+01
-9.926997725809999906e+01 1.937313796529999976e+01
-9.926991794660000323e+01 1.937320317500000044e+01
-9.926984962189999351e+01 1.937325739379999945e+01
-9.926977761339999518e+01 1.937331434040000033e+01
-9.926965099580000640e+01 1.937338945549999991e+01
-9.926952387640000097e+01 1.937344112850000144e+01
-9.926943792810000389e+01 1.937346656029999892e+01
-9.926934141569999781e+01 1.937348987480000062e+01
-9.926923952170000121e+01 1.937351030929999851e+01
-9.926911874670000202e+01 1.937352719220000097e+01
-9.926897381050000035e+01 1.937354752639999944e+01
-9.926890956500000129e+01 1.937355616929999869e+01
-9.926883709700000225e+01 1.937356252340000040e+01
-9.926877058520000219e+01 1.937356595960000050e+01
-9.926869482380000420e+01 1.937356534139999908e+01
-9.926862365089999685e+01 1.937356244380000092e+01
-9.926856047660000115e+01 1.937355438910000061e+01
-9.926848655060000226e+01 1.937354228899999953e+01
-9.926840959090000638e+01 1.937352578469999997e+01
-9.926814772619999871e+01 1.937343110779999833e+01
-9.926808039739999856e+01 1.937340927369999832e+01
-9.926800675650000017e+01 1.937338545340000096e+01
-9.926793102770000132e+01 1.937337160699999927e+01
-9.926782846689999928e+01 1.937335291609999999e+01
-9.926774564219999775e+01 1.937334929909999914e+01
-9.926766665419999924e+01 1.937335379410000158e+01
-9.926757709749999492e+01 1.937337233110000057e+01
-9.926750100290000489e+01 1.937340500599999871e+01
-9.926740701660000354e+01 1.937345327939999962e+01
-9.926733096819999957e+01 1.937351426929999931e+01
-9.926725644249999903e+01 1.937359366169999930e+01
-9.926699735729999929e+01 1.937402446640000164e+01
-9.926695697579999944e+01 1.937407410699999843e+01
-9.926691407600000616e+01 1.937412149369999881e+01
-9.926686862120000399e+01 1.937416668499999872e+01
-9.926682073640000681e+01 1.937420955609999851e+01
-9.926677055359999713e+01 1.937424999079999921e+01
-9.926671820880000041e+01 1.937428787740000047e+01
-9.926666384719999314e+01 1.937432311239999905e+01
-9.926660761690000356e+01 1.937435559880000113e+01
-9.926654967150000175e+01 1.937438524799999939e+01
-9.926649017110000273e+01 1.937441197849999952e+01
-9.926642927860000043e+01 1.937443571720000079e+01
-9.926636715950000678e+01 1.937445639910000139e+01
-9.926630349319999880e+01 1.937447410440000084e+01
-9.926564381779999735e+01 1.937457937270000130e+01
-9.926505915549999770e+01 1.937466698649999941e+01
-9.926378153509999436e+01 1.937485843580000022e+01
-9.926346961560000182e+01 1.937490942490000023e+01
-9.926325706320000108e+01 1.937495638129999875e+01
-9.926297806940000612e+01 1.937503892049999976e+01
-9.926204329600000165e+01 1.937548973679999875e+01
-9.926168898740000657e+01 1.937566177529999933e+01
-9.926135349189999602e+01 1.937584065460000105e+01
-9.926102989970000579e+01 1.937603344029999874e+01
-9.926059686479999300e+01 1.937635321910000030e+01
-9.925980425849999733e+01 1.937702684379999951e+01
-9.925888724889999537e+01 1.937784421859999995e+01
-9.925792307490000610e+01 1.937870575359999847e+01
-9.925765248689999964e+01 1.937895122799999825e+01
-9.925714730410000186e+01 1.937940952159999952e+01
-9.925690916889999471e+01 1.937961305969999870e+01
-9.925607994640000697e+01 1.938017351810000122e+01
-9.925579419759999666e+01 1.938035448200000133e+01
-9.925498705539999378e+01 1.938086563699999942e+01
-9.925460510780000334e+01 1.938110588509999843e+01
-9.925424664359999838e+01 1.938133436620000083e+01
-9.925247095820000709e+01 1.938246614210000018e+01
-9.925118898840000270e+01 1.938328047779999963e+01
-9.925077030020000279e+01 1.938354849850000150e+01
-9.925068098949999751e+01 1.938360819120000045e+01
-9.925032502000000534e+01 1.938383394559999928e+01
-9.925003401559999361e+01 1.938403578719999842e+01
-9.924974698890000013e+01 1.938426504579999943e+01
-9.924878084920000276e+01 1.938503969050000109e+01
-9.924765261379999970e+01 1.938595701619999900e+01
-9.924656977649999590e+01 1.938682881320000106e+01
-9.924623846250000270e+01 1.938708515260000098e+01
-9.924599852330000260e+01 1.938723026899999979e+01
-9.924573846049999304e+01 1.938732023449999886e+01
-9.924547736540000642e+01 1.938739438420000027e+01
-9.924517434460000231e+01 1.938740361860000050e+01
-9.924499756599999500e+01 1.938738581890000034e+01
-9.924475179009999692e+01 1.938734382139999823e+01
-9.924364460990000225e+01 1.938698509529999825e+01
-9.924332582469999409e+01 1.938693748769999914e+01
-9.924319812269999375e+01 1.938691845900000033e+01
-9.924294526170000097e+01 1.938695169769999893e+01
-9.924267897000000005e+01 1.938703519130000075e+01
-9.924210905340000011e+01 1.938735461870000165e+01
-9.924138635219999571e+01 1.938798174940000152e+01
-9.924113855989999422e+01 1.938814122490000003e+01
-9.924046637540000404e+01 1.938849936429999943e+01
-9.924020938639999656e+01 1.938865305430000063e+01
-9.923992904739999688e+01 1.938886406430000164e+01
-9.923967265039999575e+01 1.938913669800000150e+01
-9.923951582610000344e+01 1.938937973719999874e+01
-9.923941970629999787e+01 1.938958908529999903e+01
-9.923913282830000071e+01 1.939040590169999945e+01
-9.923902176170000189e+01 1.939072794189999982e+01
-9.923899683720000553e+01 1.939106122620000150e+01
-9.923901589640000509e+01 1.939170113630000003e+01
-9.923903332540000122e+01 1.939228632349999870e+01
-9.923900662450000709e+01 1.939247338699999901e+01
-9.923892126430000360e+01 1.939267441799999858e+01
-9.923880750760000069e+01 1.939282424900000024e+01
-9.923802818320000085e+01 1.939339650830000039e+01
-9.923784260600000096e+01 1.939349126850000005e+01
-9.923760342090000108e+01 1.939356751029999870e+01
-9.923738286740000092e+01 1.939359872010000174e+01
-9.923709947209999882e+01 1.939360468550000149e+01
-9.923648463870000569e+01 1.939354555950000147e+01
-9.923625855980000665e+01 1.939354046920000130e+01
-9.923603952989999755e+01 1.939356247130000099e+01
-9.923580771180000681e+01 1.939362606570000125e+01
-9.923548170050000294e+01 1.939374313149999907e+01
-9.923284189819999312e+01 1.939481447769999889e+01
-9.923257682019999493e+01 1.939490351350000097e+01
-9.923225321249999809e+01 1.939493342769999984e+01
-9.923193713050000042e+01 1.939490667669999979e+01
-9.923151948560000335e+01 1.939486902029999982e+01
-9.923127556270000582e+01 1.939487213780000019e+01
-9.923106687850000185e+01 1.939489863289999860e+01
-9.923085445840000318e+01 1.939494991200000129e+01
-9.923049109830000702e+01 1.939508351499999961e+01
-9.922998127329999818e+01 1.939525631360000091e+01
-9.922977025570000364e+01 1.939530343230000042e+01
-9.922924731889999350e+01 1.939541684150000123e+01
-9.922818307970000262e+01 1.939564509379999890e+01
-9.922770293000000663e+01 1.939573080150000095e+01
-9.922734513839999693e+01 1.939579584819999880e+01
-9.922697876399999473e+01 1.939580309040000117e+01
-9.922664838299999701e+01 1.939577167939999924e+01
-9.922603607359999955e+01 1.939569056139999859e+01
-9.922571033539999519e+01 1.939566587279999865e+01
-9.922515871849999769e+01 1.939563913759999991e+01
-9.922499053769999477e+01 1.939563274200000009e+01
-9.922421961400000612e+01 1.939574613079999921e+01
-9.922357876430000090e+01 1.939585271250000176e+01
-9.922244442699999922e+01 1.939620248179999962e+01
-9.922206021419999900e+01 1.939632757440000077e+01
-9.921951320339999825e+01 1.939717047790000137e+01
-9.921831558540000628e+01 1.939755466880000156e+01
-9.921707744930000672e+01 1.939797393159999928e+01
-9.921690644330000453e+01 1.939803354040000016e+01
-9.921629225069999336e+01 1.939825259870000096e+01
-9.921587621550000335e+01 1.939837662409999908e+01
-9.921485610230000418e+01 1.939870570089999902e+01
-9.921448021889999325e+01 1.939883973430000097e+01
-9.921386617989999479e+01 1.939911769720000123e+01
-9.921302540130000125e+01 1.939955927160000115e+01
-9.921267408559999978e+01 1.939976487919999926e+01
-9.921256782870000279e+01 1.939980630750000046e+01
-9.921202662180000686e+01 1.939994960840000005e+01
-9.921147544820000519e+01 1.940012969440000035e+01
-9.921094514799999331e+01 1.940027660260000175e+01
-9.921051001630000599e+01 1.940042471470000152e+01
-9.921044845699999826e+01 1.940043668130000043e+01
-9.920904841409999619e+01 1.940065743019999900e+01
-9.920841507469999954e+01 1.940076450800000174e+01
-9.920784522030000119e+01 1.940085392729999825e+01
-9.920617254610000657e+01 1.940106558020000094e+01
-9.920503994819999605e+01 1.940121490110000124e+01
-9.920455906159999415e+01 1.940127658509999975e+01
-9.920376570010000705e+01 1.940136200159999902e+01
-9.920307595149999713e+01 1.940143377920000134e+01
-9.920247426010000424e+01 1.940150219619999916e+01
-9.920221058570000139e+01 1.940152739939999904e+01
-9.920190160779999644e+01 1.940155618529999870e+01
-9.920154894399999534e+01 1.940164664079999923e+01
-9.920141667049999512e+01 1.940168202510000128e+01
-9.920099600359999670e+01 1.940184300259999972e+01
-9.920050140210000222e+01 1.940203265479999928e+01
-9.919986648370000637e+01 1.940227875329999918e+01
-9.919956334670000331e+01 1.940239827339999934e+01
-9.919893922720000035e+01 1.940266285979999950e+01
-9.919843454630000679e+01 1.940288544770000101e+01
-9.919830643500000633e+01 1.940293365420000171e+01
-9.919806872579999890e+01 1.940300366780000019e+01
-9.919761364800000081e+01 1.940309120079999872e+01
-9.919671171900000672e+01 1.940319245670000115e+01
-9.919662775839999824e+01 1.940320486130000077e+01
-9.919587715139999773e+01 1.940329170040000051e+01
-9.919544967470000074e+01 1.940334390339999970e+01
-9.919465810990000421e+01 1.940346781199999882e+01
-9.919452083429999334e+01 1.940348448330000153e+01
-9.919432162990000279e+01 1.940350741259999978e+01
-9.919415886989999365e+01 1.940352701489999987e+01
-9.919383791049999388e+01 1.940356451490000111e+01
-9.919373237749999817e+01 1.940357684450000164e+01
-9.919298988650000126e+01 1.940365614850000142e+01
-9.919247961809999481e+01 1.940371236189999848e+01
-9.919236494289999939e+01 1.940372500369999997e+01
-9.919220139450000318e+01 1.940374302709999910e+01
-9.919218571419999364e+01 1.940323803769999955e+01
-9.919219719730000406e+01 1.940309585339999998e+01
-9.919224844299999688e+01 1.940262750670000003e+01
-9.919227162549999832e+01 1.940238702199999921e+01
-9.919234461700000338e+01 1.940165327689999941e+01
-9.919231802349999327e+01 1.940139290109999948e+01
-9.919229563269999517e+01 1.940132937339999941e+01
-9.919222473809999485e+01 1.940113169949999872e+01
-9.919213303210000277e+01 1.940098071079999897e+01
-9.919202493449999736e+01 1.940085585450000139e+01
-9.919188784099999623e+01 1.940072716090000071e+01
-9.919149145970000347e+01 1.940043726629999910e+01
-9.919128184699999906e+01 1.940026469160000033e+01
-9.919115364239999622e+01 1.940010917840000104e+01
-9.919082581189999814e+01 1.939965023239999908e+01
-9.919061402719999876e+01 1.939932222450000054e+01
-9.919047632439999518e+01 1.939902175590000155e+01
-9.919036270300000524e+01 1.939875595310000023e+01
-9.919017862970000010e+01 1.939831525199999973e+01
-9.918992279450000638e+01 1.939770655770000118e+01
-9.918987638839999477e+01 1.939758642929999866e+01
-9.918958428480000578e+01 1.939685364940000056e+01
-9.918925832680000099e+01 1.939607482290000107e+01
-9.918909540740000352e+01 1.939568629149999879e+01
-9.918905517470000177e+01 1.939559032980000097e+01
