-9.915694976310000186e+01 1.950271725180000004e+01
-9.915657324800000083e+01 1.950166271479999835e+01
-9.915637552660000154e+01 1.950115158150000028e+01
-9.915571265600000572e+01 1.949935329510000059e+01
-9.915418132770000170e+01 1.949519871209999877e+01
-9.915397662590000039e+01 1.949464080279999934e+01
-9.915302067780000073e+01 1.949203534740000165e+01
-9.915296380620000605e+01 1.949188072820000173e+01
-9.915183683089999533e+01 1.948888943169999877e+01
-9.915151331250000055e+01 1.948802524479999931e+01
-9.915119761969999956e+01 1.948718153509999951e+01
-9.915088926699999661e+01 1.948635743539999865e+01
-9.915048324629999854e+01 1.948527229529999971e+01
-9.914972011880000480e+01 1.948323815039999829e+01
-9.914940566209999417e+01 1.948245214290000149e+01
-9.914884302830000706e+01 1.948090844600000082e+01
-9.914866053999999451e+01 1.948045305850000020e+01
-9.914818535679999911e+01 1.947917170290000044e+01
-9.914810960639999848e+01 1.947901137739999911e+01
-9.914790205369999398e+01 1.947848842490000010e+01
-9.914777360700000486e+01 1.947814310320000075e+01
-9.914758611659999588e+01 1.947765511740000122e+01
-9.914750203319999855e+01 1.947744033120000040e+01
-9.914728227930000060e+01 1.947685679599999986e+01
-9.914724224340000092e+01 1.947675866479999840e+01
-9.914704877699999486e+01 1.947626285699999826e+01
-9.914687861100000532e+01 1.947579315240000142e+01
-9.914667961230000515e+01 1.947529141400000086e+01
-9.914645644140000513e+01 1.947469943260000136e+01
-9.914608715529999472e+01 1.947367489310000011e+01
-9.914589428300000407e+01 1.947311398740000143e+01
-9.914565129899999363e+01 1.947247977789999851e+01
-9.914546419100000207e+01 1.947201032010000077e+01
-9.914523571009999614e+01 1.947143966810000038e+01
-9.914504539249999482e+01 1.947096393840000061e+01
-9.914487188260000039e+01 1.947047557240000160e+01
-9.914484774420000690e+01 1.947041582570000173e+01
-9.914466874699999721e+01 1.946997276809999988e+01
-9.914447665149999978e+01 1.946945648459999845e+01
-9.914438650499999994e+01 1.946921002910000098e+01
-9.914414543840000249e+01 1.946858195660000135e+01
-9.914410142289999328e+01 1.946847695350000151e+01
-9.914368086529999857e+01 1.946728941750000175e+01
-9.914318501479999668e+01 1.946604711419999845e+01
-9.914310340209999595e+01 1.946575749169999980e+01
-9.914307980559999578e+01 1.946567375389999910e+01
-9.914305467059999444e+01 1.946543691689999989e+01
-9.914311812690000636e+01 1.946506268590000133e+01
-9.914524475380000013e+01 1.946431570249999865e+01
-9.914580456029999311e+01 1.946415484190000100e+01
-9.914630968260000543e+01 1.946400969320000129e+01
-9.914661576109999430e+01 1.946392174060000002e+01
-9.914682917199999679e+01 1.946386041519999921e+01
-9.914730638800000406e+01 1.946372328220000014e+01
-9.914773534110000242e+01 1.946359633579999837e+01
-9.914803681150000614e+01 1.946350711630000063e+01
-9.914832574240000440e+01 1.946343703930000046e+01
-9.914873621969999817e+01 1.946333748099999994e+01
-9.915002825189999669e+01 1.946301691680000090e+01
-9.915031399510000654e+01 1.946296012000000175e+01
-9.915055405159999680e+01 1.946294041859999879e+01
-9.915082803350000518e+01 1.946294828270000110e+01
-9.915168748450000180e+01 1.946305344789999836e+01
-9.915236655539999333e+01 1.946314008779999938e+01
-9.915287976310000317e+01 1.946320264399999900e+01
-9.915322278339999684e+01 1.946324222559999839e+01
-9.915347219250000421e+01 1.946327100450000103e+01
-9.915362125170000240e+01 1.946330267489999954e+01
-9.915454996340000093e+01 1.946347880880000147e+01
-9.915499413160000586e+01 1.946356739899999866e+01
-9.915568407710000542e+01 1.946369655359999840e+01
-9.915608520310000529e+01 1.946379135309999953e+01
-9.915652818040000227e+01 1.946390446139999852e+01
-9.915708018339999796e+01 1.946401493879999833e+01
-9.915731128189999311e+01 1.946405464489999915e+01
-9.915757733520000272e+01 1.946408208060000078e+01
-9.915793969880000702e+01 1.946408022580000008e+01
-9.915824544640000227e+01 1.946403828589999918e+01
-9.915865070110000090e+01 1.946392495850000159e+01
-9.915885310580000578e+01 1.946383900849999904e+01
-9.915910165709999546e+01 1.946369826349999954e+01
-9.915930382950000421e+01 1.946355355289999878e+01
-9.915945048650000615e+01 1.946342706529999944e+01
-9.915954891159999818e+01 1.946332446190000098e+01
-9.915972976490000690e+01 1.946306746389999986e+01
-9.916004460290000111e+01 1.946260058060000020e+01
-9.916025848549999466e+01 1.946221157040000094e+01
-9.916044631779999463e+01 1.946187285170000081e+01
-9.916071643659999779e+01 1.946140605660000134e+01
-9.916086584229999801e+01 1.946118867339999881e+01
-9.916105367119999414e+01 1.946096889889999915e+01
-9.916126937650000173e+01 1.946076801379999921e+01
-9.916162278390000040e+01 1.946049295830000148e+01
-9.916210037380000131e+01 1.946013513680000173e+01
-9.916232114800000375e+01 1.945997191640000068e+01
-9.916257089990000395e+01 1.945977181749999829e+01
-9.916269930469999849e+01 1.945963730729999952e+01
-9.916282617230000085e+01 1.945948982119999826e+01
-9.916293478869999944e+01 1.945934133089999918e+01
-9.916308165200000246e+01 1.945906293099999829e+01
-9.916315414829999497e+01 1.945888347900000070e+01
-9.916331676599999412e+01 1.945816272380000100e+01
-9.916345795600000201e+01 1.945755360480000107e+01
-9.916357140319999530e+01 1.945706402960000148e+01
-9.916371277380000038e+01 1.945643477579999825e+01
-9.916419054249999476e+01 1.945651124400000143e+01
-9.916506018249999954e+01 1.945665865479999823e+01
-9.916560594759999958e+01 1.945673745470000071e+01
-9.916744473570000196e+01 1.945703161109999968e+01
-9.916830609589999312e+01 1.945717669669999950e+01
-9.917111379749999855e+01 1.945763227440000165e+01
-9.917376099999999894e+01 1.945806285480000142e+01
-9.917460371270000508e+01 1.945819867220000177e+01
-9.917502384879999511e+01 1.945826673490000047e+01
-9.917576587809999467e+01 1.945838694349999898e+01
-9.917689161430000411e+01 1.945856958670000125e+01
-9.917745516399999417e+01 1.945866105110000177e+01
-9.917798440120000691e+01 1.945875563279999909e+01
-9.917878328390000320e+01 1.945892872039999943e+01
-9.917991553810000482e+01 1.945912592490000037e+01
-9.918108202109999638e+01 1.945930133219999902e+01
-9.918201214779999475e+01 1.945947469209999880e+01
-9.918311463220000235e+01 1.945964661160000020e+01
-9.918409813690000476e+01 1.945983850660000058e+01
-9.918418895359999965e+01 1.945985230510000008e+01
-9.918527277280000476e+01 1.946002041670000082e+01
-9.918538772729999664e+01 1.946001405659999861e+01
-9.918728360929999610e+01 1.946047793749999855e+01
-9.918848324270000205e+01 1.946077725529999825e+01
-9.918824430700000505e+01 1.946234648909999976e+01
-9.918802625729999534e+01 1.946365940449999954e+01
-9.918800022809999462e+01 1.946381462449999944e+01
-9.918914193329999307e+01 1.946415145960000004e+01
-9.919001411630000575e+01 1.946443019350000014e+01
-9.919073111449999658e+01 1.946467144040000008e+01
-9.919067079789999752e+01 1.946571966560000178e+01
-9.919066066080000610e+01 1.946594600270000086e+01
-9.919057941600000561e+01 1.946793632849999867e+01
-9.919044419899999809e+01 1.947045898200000025e+01
-9.919095586109999374e+01 1.947062946959999863e+01
-9.919141051889999972e+01 1.947076753940000060e+01
-9.919334566300000233e+01 1.947122002600000101e+01
-9.919413371870000162e+01 1.947140431940000127e+01
-9.919461581609999712e+01 1.947153829519999846e+01
-9.919514740479999659e+01 1.947168604319999829e+01
-9.919562488760000463e+01 1.947182871600000098e+01
-9.919613248509999437e+01 1.947197254470000161e+01
-9.919665837590000024e+01 1.947212626350000164e+01
-9.919708321710000121e+01 1.947225180939999944e+01
-9.919746031770000627e+01 1.947236423529999882e+01
-9.919795100410000543e+01 1.947251172909999895e+01
-9.919836886119999519e+01 1.947264224230000096e+01
-9.919908872249999376e+01 1.947287590059999829e+01
-9.919976484859999744e+01 1.947308280029999850e+01
-9.920009386169999743e+01 1.947318238849999972e+01
-9.920067567770000494e+01 1.947334528229999862e+01
-9.920101501749999784e+01 1.947335960639999897e+01
-9.920144703469999570e+01 1.947323661149999907e+01
-9.920232688379999786e+01 1.947301464090000067e+01
-9.920344417539999426e+01 1.947269164189999913e+01
-9.920433966090000411e+01 1.947240271740000139e+01
-9.920496719599999835e+01 1.947219226229999833e+01
-9.920528542290000473e+01 1.947202435129999998e+01
-9.920649633509999887e+01 1.947135650630000114e+01
-9.920682497660000365e+01 1.947121507059999956e+01
-9.920777287890000196e+01 1.947147071870000090e+01
-9.920796741249999684e+01 1.947152318370000046e+01
-9.920834928230000571e+01 1.947162617029999865e+01
-9.920836917779999453e+01 1.947163153640000033e+01
-9.920895564250000120e+01 1.947178969979999863e+01
-9.920923609819999456e+01 1.947186533549999865e+01
-9.920963477450000312e+01 1.947197285200000039e+01
-9.921003311689999293e+01 1.947208027799999996e+01
-9.921078397719999487e+01 1.947228276890000132e+01
-9.921081504750000590e+01 1.947229114820000007e+01
-9.921141267439999467e+01 1.947245231369999985e+01
-9.921204484710000315e+01 1.947262279179999922e+01
-9.921262839160000624e+01 1.947278015399999873e+01
-9.921329294650000463e+01 1.947295935909999898e+01
-9.921356134389999681e+01 1.947303173399999920e+01
-9.921387928379999721e+01 1.947311746840000168e+01
-9.921421577360000299e+01 1.947320820470000058e+01
-9.921448462040000038e+01 1.947328070049999837e+01
-9.921487782869999705e+01 1.947338672960000139e+01
-9.921516812030000665e+01 1.947346500669999969e+01
-9.921554000909999615e+01 1.947356528470000114e+01
-9.921586316450000709e+01 1.947365242229999893e+01
-9.921617324790000225e+01 1.947373603340000159e+01
-9.921687729750000528e+01 1.947392587210000059e+01
-9.921750442850000695e+01 1.947409496859999933e+01
-9.921817015640000648e+01 1.947427446929999917e+01
-9.921884722539999757e+01 1.947445702570000137e+01
-9.921951050799999905e+01 1.947463586099999944e+01
-9.922015808359999767e+01 1.947481045900000041e+01
-9.922055830979999769e+01 1.947491836580000069e+01
-9.922111507089999805e+01 1.947506847520000051e+01
-9.922091999180000244e+01 1.947590810730000044e+01
-9.922071009239999739e+01 1.947681151680000156e+01
-9.922049951760000397e+01 1.947771782350000080e+01
-9.922035856729999637e+01 1.947815522510000008e+01
-9.922033676110000044e+01 1.947822289369999993e+01
-9.922004770860000633e+01 1.947911988430000108e+01
-9.921977219720000107e+01 1.947997484429999915e+01
-9.921966275169999960e+01 1.948031447090000157e+01
-9.921945593700000643e+01 1.948090254230000085e+01
-9.921913755340000307e+01 1.948180784499999874e+01
-9.921882875289999504e+01 1.948268588619999875e+01
-9.921860740469999485e+01 1.948331526060000130e+01
-9.921851933560000703e+01 1.948356567269999928e+01
-9.921833806479999396e+01 1.948408108819999995e+01
-9.921815649529999348e+01 1.948459734729999937e+01
-9.921804583310000680e+01 1.948491199280000075e+01
-9.921749921180000342e+01 1.948645145509999921e+01
-9.921731218440000077e+01 1.948697817649999919e+01
-9.921716332830000340e+01 1.948739739410000027e+01
-9.921715810199999908e+01 1.948741211209999946e+01
-9.921685788630000502e+01 1.948825759079999997e+01
-9.921653981359999364e+01 1.948915334730000026e+01
-9.921644982419999792e+01 1.948940677499999907e+01
-9.921627909560000091e+01 1.948988757340000078e+01
-9.921618005690000075e+01 1.949016648199999935e+01
-9.921600659290000124e+01 1.949069150900000125e+01
-9.921571683480000559e+01 1.949156851909999943e+01
-9.921569824990000086e+01 1.949162477349999989e+01
-9.921544691610000655e+01 1.949238547490000073e+01
-9.921538669049999726e+01 1.949256775470000136e+01
-9.921520286989999704e+01 1.949312410980000010e+01
-9.921498202550000656e+01 1.949379251699999926e+01
-9.921482367609999642e+01 1.949427177520000143e+01
-9.921460694179999962e+01 1.949492773420000091e+01
-9.921437223290000418e+01 1.949563808490000127e+01
-9.921411610389999680e+01 1.949641326100000072e+01
-9.921389094730000124e+01 1.949709469229999925e+01
-9.921383893329999637e+01 1.949725211040000161e+01
-9.921368442189999826e+01 1.949771972790000163e+01
-9.921350080220000223e+01 1.949827543549999831e+01
-9.921346306290000427e+01 1.949840874779999922e+01
-9.921286477830000194e+01 1.950052214280000129e+01
-9.921249839360000067e+01 1.950176192059999991e+01
-9.921232002290000196e+01 1.950237090779999960e+01
-9.921223498700000221e+01 1.950266123120000117e+01
-9.921199250159999394e+01 1.950351072879999847e+01
-9.921196640690000379e+01 1.950363632110000012e+01
-9.921168380170000489e+01 1.950499649680000047e+01
-9.921144486999999401e+01 1.950672288359999840e+01
-9.921137712460000557e+01 1.950721236849999940e+01
-9.921121905020000042e+01 1.950781221129999921e+01
-9.921116159310000171e+01 1.950803024309999856e+01
-9.921105242320000173e+01 1.950844450290000154e+01
-9.921077960290000419e+01 1.950908476529999902e+01
-9.921069760940000037e+01 1.950934950450000116e+01
-9.921068710810000368e+01 1.950938341060000170e+01
-9.921063343020000502e+01 1.950955672319999934e+01
-9.921047504140000228e+01 1.951007157660000146e+01
-9.921037164870000424e+01 1.951053994029999927e+01
-9.921032311279999760e+01 1.951067044179999854e+01
-9.921024061209999445e+01 1.951089226410000066e+01
-9.921016416349999645e+01 1.951113912390000138e+01
-9.921006621959999450e+01 1.951127275139999995e+01
-9.920998709449999353e+01 1.951137832830000107e+01
-9.920994385080000200e+01 1.951143602879999861e+01
-9.920980165640000337e+01 1.951160322329999985e+01
-9.920969183820000126e+01 1.951173234950000079e+01
-9.920962934519999976e+01 1.951181530290000055e+01
-9.920949617179999791e+01 1.951199207610000030e+01
-9.920940564430000563e+01 1.951215024300000067e+01
-9.920938185110000518e+01 1.951219181469999953e+01
-9.920931603159999668e+01 1.951230681279999857e+01
-9.920925753769999744e+01 1.951240901099999903e+01
-9.920919468699999300e+01 1.951246847830000064e+01
-9.920907322150000596e+01 1.951258340469999908e+01
-9.920897047180000072e+01 1.951268062269999959e+01
-9.920852372810000475e+01 1.951295881789999953e+01
-9.920814383280000470e+01 1.951319538339999937e+01
-9.920809508940000399e+01 1.951321816880000171e+01
-9.920712929980000183e+01 1.951366962040000175e+01
-9.920701611959999866e+01 1.951373147070000158e+01
-9.920659832440000514e+01 1.951395978620000093e+01
-9.920617415499999936e+01 1.951419158339999882e+01
-9.920591903449999904e+01 1.951433099890000022e+01
-9.920580961790000174e+01 1.951440624820000025e+01
-9.920552278030000082e+01 1.951460351389999914e+01
-9.920523725270000170e+01 1.951479987709999975e+01
-9.920514018670000667e+01 1.951485755419999890e+01
-9.920496051799999293e+01 1.951496431329999837e+01
-9.920467164599999421e+01 1.951513596059999855e+01
-9.920433505770000693e+01 1.951503419060000155e+01
-9.920390658799999528e+01 1.951490463780000084e+01
-9.920353151979999495e+01 1.951479123040000019e+01
-9.920294130640000674e+01 1.951461276910000109e+01
-9.920294043730000055e+01 1.951461250650000068e+01
-9.920273460049999414e+01 1.951455026720000063e+01
-9.920258365269999956e+01 1.951450462509999895e+01
-9.920257992829999694e+01 1.951450349859999989e+01
-9.920189661579999552e+01 1.951429688170000176e+01
-9.920188813059999688e+01 1.951429431589999908e+01
-9.920170453100000429e+01 1.951423879960000107e+01
-9.920097474370000157e+01 1.951401812430000149e+01
-9.920080017230000635e+01 1.951396533599999827e+01
-9.920029615020000335e+01 1.951381292519999988e+01
-9.920017309749999868e+01 1.951377571520000131e+01
-9.920010325089999981e+01 1.951375459389999989e+01
-9.919996888359999332e+01 1.951371396249999890e+01
-9.919938780009999846e+01 1.951353824459999942e+01
-9.919917483890000653e+01 1.951347384569999832e+01
-9.919905839300000139e+01 1.951343863219999974e+01
-9.919879966930000137e+01 1.951336039390000110e+01
-9.919864487920000329e+01 1.951331358479999878e+01
-9.919694232320000538e+01 1.951279871399999877e+01
-9.919672050319999812e+01 1.951273163160000124e+01
-9.919662266109999393e+01 1.951270204280000087e+01
-9.919403369229999612e+01 1.951191906060000036e+01
-9.919400628210000548e+01 1.951191077080000014e+01
-9.919203148569999939e+01 1.951131349650000146e+01
-9.919189795810000021e+01 1.951127311089999949e+01
-9.919149840960000120e+01 1.951057952560000075e+01
-9.919067454739999334e+01 1.951041004380000032e+01
-9.918895319259999610e+01 1.951005591930000094e+01
-9.918892916709999952e+01 1.951005097679999878e+01
-9.918855162270000392e+01 1.950997330270000063e+01
-9.918843114569999386e+01 1.950994851689999976e+01
-9.918738251800000683e+01 1.950951887189999923e+01
-9.918700026019999427e+01 1.950936224979999878e+01
-9.918698629950000623e+01 1.950935652989999980e+01
-9.918656166850000488e+01 1.950915937610000128e+01
-9.918616665620000106e+01 1.950897597200000178e+01
-9.918538502590000405e+01 1.950861305809999990e+01
-9.918522136490000207e+01 1.950853706890000083e+01
-9.918512890309999364e+01 1.950850670279999832e+01
-9.918461688969999557e+01 1.950833854609999918e+01
-9.918425077080000563e+01 1.950821830299999959e+01
-9.918382784899999649e+01 1.950807940259999995e+01
-9.918347943919999921e+01 1.950796497400000007e+01
-9.918307592860000454e+01 1.950783244690000018e+01
-9.918270049919999565e+01 1.950770914119999944e+01
-9.918245109789999958e+01 1.950756344170000034e+01
-9.918244683909999537e+01 1.950756095350000052e+01
-9.918230696620000231e+01 1.950747923910000026e+01
-9.918229080650000640e+01 1.950746979830000072e+01
-9.918191573619999701e+01 1.950748981790000158e+01
-9.917749900600000501e+01 1.950631430529999832e+01
-9.917741185570000084e+01 1.950629110879999928e+01
-9.917736854000000335e+01 1.950627957920000100e+01
-9.917705041680000022e+01 1.950619490529999922e+01
-9.917673780210000700e+01 1.950642042220000150e+01
-9.917662449499999866e+01 1.950650216129999848e+01
-9.917607189909999477e+01 1.950690079430000168e+01
-9.917602568949999409e+01 1.950694885680000112e+01
-9.917553808860000686e+01 1.950745600859999840e+01
-9.917540276959999801e+01 1.950748482879999912e+01
-9.917536478149999368e+01 1.950749291909999883e+01
-9.917518411039999648e+01 1.950753139829999938e+01
-9.917487523719999842e+01 1.950759718049999947e+01
-9.917404045989999872e+01 1.950794999529999885e+01
-9.917371257700000342e+01 1.950816184929999864e+01
-9.917366561519999379e+01 1.950819219230000101e+01
-9.917356523109999955e+01 1.950825705340000127e+01
-9.917304284079999377e+01 1.950858670430000075e+01
-9.917259937590000618e+01 1.950842654879999927e+01
-9.917160421719999874e+01 1.950806714439999823e+01
-9.917129177309999477e+01 1.950795430260000174e+01
-9.917087819900000056e+01 1.950780493559999940e+01
-9.917041392980000580e+01 1.950763725759999900e+01
-9.916995597739999369e+01 1.950740583400000006e+01
-9.916953464409999697e+01 1.950719291420000090e+01
-9.916914328570000237e+01 1.950699513969999899e+01
-9.916910931820000030e+01 1.950697797369999975e+01
-9.916880001520000576e+01 1.950682166509999860e+01
-9.916868904589999545e+01 1.950676558620000023e+01
-9.916737072930000352e+01 1.950621467259999875e+01
-9.916731329169999754e+01 1.950619066919999867e+01
-9.916707816070000092e+01 1.950609240780000064e+01
-9.916631629149999583e+01 1.950582868369999900e+01
-9.916585545309999361e+01 1.950566916000000006e+01
-9.916537661579999963e+01 1.950550340399999882e+01
-9.916494050330000221e+01 1.950535243659999907e+01
-9.916441094290000535e+01 1.950516911849999957e+01
-9.916393777199999704e+01 1.950500531850000030e+01
-9.916345599459999960e+01 1.950485156819999943e+01
-9.916299014150000346e+01 1.950470289840000149e+01
-9.916289764450000632e+01 1.950467337899999976e+01
-9.916255898379999678e+01 1.950456529919999937e+01
-9.916206767500000296e+01 1.950440850100000034e+01
-9.916161730170000510e+01 1.950426476559999855e+01
-9.916113783469999987e+01 1.950411174370000111e+01
-9.916069667909999907e+01 1.950397094730000092e+01
-9.916021374800000387e+01 1.950381681620000052e+01
-9.915973433540000315e+01 1.950366380630000052e+01
-9.915925210810000578e+01 1.950350989640000066e+01
-9.915718110619999948e+01 1.950284888319999865e+01
