-9.914349968480000541e+01 1.935724145469999868e+01
-9.914385702299999537e+01 1.935726276149999947e+01
-9.914405464479999353e+01 1.935727182340000141e+01
-9.914438186190000124e+01 1.935729614419999933e+01
-9.914480998710000392e+01 1.935732221179999968e+01
-9.914509188319999566e+01 1.935733168510000013e+01
-9.914562116669999625e+01 1.935734958400000139e+01
-9.914620559530000321e+01 1.935736430200000058e+01
-9.914640779479999821e+01 1.935737027680000111e+01
-9.914673537669999348e+01 1.935737995470000072e+01
-9.914723261129999798e+01 1.935739214679999876e+01
-9.914762189200000364e+01 1.935740169119999976e+01
-9.914805434110000704e+01 1.935742510469999900e+01
-9.914889905479999754e+01 1.935747083489999909e+01
-9.914962487830000271e+01 1.935750890159999926e+01
-9.914968234600000585e+01 1.935751209700000075e+01
-9.915007070420000446e+01 1.935753284529999974e+01
-9.915047248259999435e+01 1.935755636920000100e+01
-9.915126454250000165e+01 1.935759552229999869e+01
-9.915146562420000009e+01 1.935760229019999912e+01
-9.915201567980000164e+01 1.935763900219999911e+01
-9.915316072139999903e+01 1.935769769890000092e+01
-9.915460508220000690e+01 1.935777225709999882e+01
-9.915620067609999921e+01 1.935786138659999978e+01
-9.915679559810000399e+01 1.935789461530000111e+01
-9.915695375510000531e+01 1.935789927689999956e+01
-9.915715723120000291e+01 1.935791191939999933e+01
-9.915808018799999957e+01 1.935796925960000081e+01
-9.915877822859999924e+01 1.935801186650000005e+01
-9.915910402500000487e+01 1.935803175119999864e+01
-9.915951669720000439e+01 1.935805407040000148e+01
-9.916046906510000269e+01 1.935810557439999968e+01
-9.916170261409999398e+01 1.935816947609999872e+01
-9.916181578670000363e+01 1.935817533890000064e+01
-9.916350048740000034e+01 1.935827260450000153e+01
-9.916494394679999402e+01 1.935836189060000123e+01
-9.916634160729999792e+01 1.935843533499999936e+01
-9.916715369359999954e+01 1.935848161590000061e+01
-9.916732646250000016e+01 1.935849097599999880e+01
-9.916776891160000673e+01 1.935851325009999968e+01
-9.916855034399999624e+01 1.935855194919999889e+01
-9.916919961360000002e+01 1.935859705700000077e+01
-9.916978033510000046e+01 1.935865953669999939e+01
-9.917015922859999932e+01 1.935874991889999919e+01
-9.917040414070000054e+01 1.935883127430000172e+01
-9.917055735479999612e+01 1.935888842339999982e+01
-9.917083212129999481e+01 1.935904505870000136e+01
-9.917170610830000044e+01 1.935956826250000162e+01
-9.917285922690000177e+01 1.936026573630000058e+01
-9.917308221929999945e+01 1.936042750249999855e+01
-9.917327637799999707e+01 1.936060505709999902e+01
-9.917370753500000546e+01 1.936109037709999825e+01
-9.917450865200000010e+01 1.936201631369999987e+01
-9.917466041730000370e+01 1.936216585700000081e+01
-9.917480212819999963e+01 1.936230370450000038e+01
-9.917510489110000549e+01 1.936258943729999871e+01
-9.917672155299999304e+01 1.936411474080000161e+01
-9.917719353420000061e+01 1.936459578810000082e+01
-9.917774193260000004e+01 1.936514145860000013e+01
-9.917815001719999657e+01 1.936481270930000065e+01
-9.917837988799999493e+01 1.936459605659999994e+01
-9.917881210570000405e+01 1.936418062530000128e+01
-9.917920374839999909e+01 1.936380704729999991e+01
-9.917936758970000710e+01 1.936344693599999900e+01
-9.917946633869999573e+01 1.936325105890000131e+01
-9.917960061429999996e+01 1.936314971379999861e+01
-9.917979743470000642e+01 1.936303598159999950e+01
-9.918000055219999922e+01 1.936296445380000009e+01
-9.918019921450000709e+01 1.936292537750000164e+01
-9.918054724540000677e+01 1.936290476770000168e+01
-9.918097239189999925e+01 1.936292740320000050e+01
-9.918119793629999492e+01 1.936290977919999889e+01
-9.918154283050000686e+01 1.936282168829999861e+01
-9.918185037569999452e+01 1.936271106090000060e+01
-9.918232648439999366e+01 1.936255512749999852e+01
-9.918267622150000307e+01 1.936234715410000007e+01
-9.918353603030000443e+01 1.936178126109999909e+01
-9.918371203719999585e+01 1.936171806770000003e+01
-9.918388145490000340e+01 1.936170529329999823e+01
-9.918483289549999427e+01 1.936178030909999848e+01
-9.918499870370000338e+01 1.936177282859999949e+01
-9.918537350489999938e+01 1.936173377240000093e+01
-9.918554140460000212e+01 1.936171900709999960e+01
-9.918568491909999807e+01 1.936172460619999924e+01
-9.918662352469999632e+01 1.936206994129999970e+01
-9.918679314000000602e+01 1.936215430440000063e+01
-9.918700477190000697e+01 1.936226339179999911e+01
-9.918784458780000080e+01 1.936288321110000155e+01
-9.918800442369999359e+01 1.936294507959999933e+01
-9.918811381609999955e+01 1.936298025840000037e+01
-9.918821358569999802e+01 1.936300394890000121e+01
-9.918830466949999902e+01 1.936301603609999944e+01
-9.918844540230000462e+01 1.936302811199999852e+01
-9.918867434130000049e+01 1.936299640109999842e+01
-9.918913354049999498e+01 1.936301419329999973e+01
-9.919015117089999478e+01 1.936323077189999964e+01
-9.919050185790000285e+01 1.936331998869999893e+01
-9.919109309979999978e+01 1.936348974790000099e+01
-9.919093649180000227e+01 1.936483556010000129e+01
-9.919082678869999370e+01 1.936585194519999931e+01
-9.919078001059999394e+01 1.936643489160000087e+01
-9.919075596380000093e+01 1.936678840540000124e+01
-9.919076589499999841e+01 1.936688682950000029e+01
-9.919078241420000097e+01 1.936699019379999953e+01
-9.919079933099999380e+01 1.936708585899999946e+01
-9.919084411650000277e+01 1.936725859390000082e+01
-9.919090732710000680e+01 1.936742160069999841e+01
-9.919100553469999682e+01 1.936759497630000126e+01
-9.919122033719999365e+01 1.936798040249999886e+01
-9.919143369549999534e+01 1.936837702580000098e+01
-9.919153158529999814e+01 1.936854550949999876e+01
-9.919162631880000447e+01 1.936877058869999857e+01
-9.919165968240000097e+01 1.936886753290000129e+01
-9.919172677849999786e+01 1.936908990650000106e+01
-9.919176271039999904e+01 1.936925186710000091e+01
-9.919179613059999667e+01 1.936947027129999910e+01
-9.919181341060000534e+01 1.936972953429999933e+01
-9.919181588329999499e+01 1.936996964309999925e+01
-9.919179985940000677e+01 1.937015098890000075e+01
-9.919174095270000180e+01 1.937068258060000048e+01
-9.919164704840000013e+01 1.937151112680000153e+01
-9.919164045099999782e+01 1.937165446139999858e+01
-9.919165546349999829e+01 1.937186962899999898e+01
-9.919167886980000048e+01 1.937199575769999882e+01
-9.919172576100000072e+01 1.937216000209999933e+01
-9.919182730830000594e+01 1.937241531909999992e+01
-9.919191860889999646e+01 1.937262803100000141e+01
-9.919200624709999659e+01 1.937281326909999990e+01
-9.919210177559999408e+01 1.937309750189999846e+01
-9.919211646910000013e+01 1.937319587189999837e+01
-9.919213679940000361e+01 1.937332428219999869e+01
-9.919214060999999560e+01 1.937340350739999906e+01
-9.919213439620000372e+01 1.937359800919999842e+01
-9.919205254839999952e+01 1.937424775579999903e+01
-9.919190788439999551e+01 1.937528408649999889e+01
-9.919179191519999961e+01 1.937612333539999909e+01
-9.919177420510000331e+01 1.937626457489999865e+01
-9.919163746469999410e+01 1.937741504679999949e+01
-9.919162551569999664e+01 1.937766899540000054e+01
-9.919163018759999773e+01 1.937788280430000043e+01
-9.919163951779999877e+01 1.937805826640000006e+01
-9.919169508980000671e+01 1.937879387959999988e+01
-9.919170485040000074e+01 1.937892942950000119e+01
-9.919175712390000399e+01 1.937963331199999928e+01
-9.919175485700000650e+01 1.938035815599999978e+01
-9.919175422909999895e+01 1.938083134860000101e+01
-9.919174798839999596e+01 1.938133916729999839e+01
-9.919174591860000589e+01 1.938163385280000028e+01
-9.919173374700000068e+01 1.938268083219999838e+01
-9.919169823090000193e+01 1.938291479720000154e+01
-9.919168521630000157e+01 1.938297457670000057e+01
-9.919167257159999451e+01 1.938302994389999867e+01
-9.919139161459999343e+01 1.938371654090000007e+01
-9.919132114619999641e+01 1.938388170160000001e+01
-9.919099804590000247e+01 1.938463920499999915e+01
-9.919083522120000396e+01 1.938502074750000048e+01
-9.919040205800000365e+01 1.938601055699999876e+01
-9.919033884220000630e+01 1.938618876869999852e+01
-9.919016614740000648e+01 1.938685266770000126e+01
-9.918998701440000332e+01 1.938752612760000105e+01
-9.918983867590000614e+01 1.938809067800000108e+01
-9.918980901380000148e+01 1.938820037820000053e+01
-9.918965787250000687e+01 1.938876856750000144e+01
-9.918949644849999459e+01 1.938939510790000043e+01
-9.918946975030000601e+01 1.938949743839999940e+01
-9.918931549289999339e+01 1.939009541129999903e+01
-9.918903757709999525e+01 1.939115069320000018e+01
-9.918881581940000558e+01 1.939201659820000145e+01
-9.918871229030000336e+01 1.939235189080000055e+01
-9.918841323489999695e+01 1.939323015180000098e+01
-9.918837028049999560e+01 1.939343812290000102e+01
-9.918836419350000710e+01 1.939363344510000076e+01
-9.918837247240000465e+01 1.939381735799999973e+01
-9.918839323560000309e+01 1.939391911659999934e+01
-9.918841437320000409e+01 1.939401828149999929e+01
-9.918845179390000055e+01 1.939412805579999954e+01
-9.918856925139999703e+01 1.939441516029999946e+01
-9.918867970629999320e+01 1.939467502629999984e+01
-9.918870661260000077e+01 1.939474763420000158e+01
-9.918905517470000177e+01 1.939559032980000097e+01
-9.918861667539999871e+01 1.939563342090000120e+01
-9.918851021780000110e+01 1.939564496919999925e+01
-9.918782212429999845e+01 1.939567932770000169e+01
-9.918759816669999907e+01 1.939569231509999980e+01
-9.918754860999999323e+01 1.939569263879999994e+01
-9.918648966390000510e+01 1.939564144099999865e+01
-9.918637602389999586e+01 1.939564860420000159e+01
-9.918596166250000579e+01 1.939575204519999829e+01
-9.918531175139999334e+01 1.939593332729999986e+01
-9.918520829000000560e+01 1.939596352050000050e+01
-9.918452490459999638e+01 1.939610471680000003e+01
-9.918429905269999836e+01 1.939613392400000080e+01
-9.918409705969999379e+01 1.939615742269999998e+01
-9.918341678119999472e+01 1.939641059670000089e+01
-9.918246329759999469e+01 1.939676133089999865e+01
-9.918224271719999763e+01 1.939686742139999964e+01
-9.918210124610000378e+01 1.939696140079999864e+01
-9.918171347950000438e+01 1.939699428959999850e+01
-9.918120954980000192e+01 1.939709257879999882e+01
-9.918095754530000363e+01 1.939709591289999935e+01
-9.918014949450000017e+01 1.939727195440000074e+01
-9.917951160970000046e+01 1.939740035169999999e+01
-9.917890317799999877e+01 1.939736902530000151e+01
-9.917820131690000096e+01 1.939752046139999919e+01
-9.917772750769999845e+01 1.939761989229999983e+01
-9.917672316719999515e+01 1.939783170000000112e+01
-9.917664041230000294e+01 1.939784915139999910e+01
-9.917604619680000155e+01 1.939798051580000049e+01
-9.917553237360000651e+01 1.939809410559999847e+01
-9.917451875880000500e+01 1.939853977909999827e+01
-9.917446899680000172e+01 1.939855508599999823e+01
-9.917445227560000376e+01 1.939856022929999924e+01
-9.917407635569999513e+01 1.939867585889999901e+01
-9.917398791879999465e+01 1.939870306070000083e+01
-9.917338213239999334e+01 1.939888939389999933e+01
-9.917310708659999818e+01 1.939897344459999928e+01
-9.917225435000000289e+01 1.939923402810000042e+01
-9.917043552820000230e+01 1.939978980440000100e+01
-9.917024552110000002e+01 1.939983458189999865e+01
-9.916894891089999931e+01 1.940014014160000144e+01
-9.916806910180000045e+01 1.940034747139999993e+01
-9.916789733480000280e+01 1.940038794819999879e+01
-9.916754282450000346e+01 1.940048346689999903e+01
-9.916712233520000552e+01 1.940062815459999968e+01
-9.916647792790000437e+01 1.940087883880000064e+01
-9.916587184709999292e+01 1.940110358089999920e+01
-9.916526594270000317e+01 1.940133029489999927e+01
-9.916476280509999697e+01 1.940153189939999834e+01
-9.916433193090000486e+01 1.940171557340000064e+01
-9.916380662550000125e+01 1.940190684999999959e+01
-9.916324727260000316e+01 1.940210118019999896e+01
-9.916301648939999325e+01 1.940217435170000115e+01
-9.916268502949999686e+01 1.940228253420000115e+01
-9.916228540970000438e+01 1.940240553679999991e+01
-9.916177115879999349e+01 1.940257481700000142e+01
-9.916133009220000361e+01 1.940270616649999980e+01
-9.916088517459999707e+01 1.940284289110000060e+01
-9.916076617560000273e+01 1.940287945900000111e+01
-9.916033773389999340e+01 1.940301099299999876e+01
-9.915968666400000586e+01 1.940320059949999987e+01
-9.915898881069999504e+01 1.940341330080000048e+01
-9.915853720440000529e+01 1.940354686910000126e+01
-9.915814733259999514e+01 1.940366094190000013e+01
-9.915772825909999710e+01 1.940378552159999970e+01
-9.915717368670000553e+01 1.940393312040000140e+01
-9.915695685309999874e+01 1.940398294810000124e+01
-9.915670064959999763e+01 1.940402403510000084e+01
-9.915632922300000018e+01 1.940406328179999917e+01
-9.915616585920000148e+01 1.940406012540000091e+01
-9.915539505949999466e+01 1.940406020480000038e+01
-9.915310862409999970e+01 1.940405526480000020e+01
-9.915241807939999319e+01 1.940405792270000163e+01
-9.915177309339999567e+01 1.940405878560000019e+01
-9.915123376889999918e+01 1.940405240000000120e+01
-9.915114142720000245e+01 1.940405123120000042e+01
-9.915020501819999765e+01 1.940404965280000127e+01
-9.914973630289999562e+01 1.940404080380000096e+01
-9.914877387559999988e+01 1.940403293549999830e+01
-9.914860718040000620e+01 1.940403157209999918e+01
-9.914849468020000245e+01 1.940402836750000048e+01
-9.914794562880000228e+01 1.940401962729999852e+01
-9.914762372389999712e+01 1.940401450270000083e+01
-9.914680862800000227e+01 1.940398113119999834e+01
-9.914602622489999817e+01 1.940394094130000013e+01
-9.914590976060000571e+01 1.940393641669999880e+01
-9.914497515899999769e+01 1.940387524189999979e+01
-9.914416753339999389e+01 1.940383344940000043e+01
-9.914340988879999372e+01 1.940379368840000041e+01
-9.914267289740000422e+01 1.940375788160000070e+01
-9.914174962869999774e+01 1.940370623180000109e+01
-9.914089375490000577e+01 1.940365758849999978e+01
-9.914004719650000652e+01 1.940361659150000051e+01
-9.913914081010000245e+01 1.940356298340000052e+01
-9.913820319629999744e+01 1.940350934860000010e+01
-9.913764101859999300e+01 1.940347957579999871e+01
-9.913740614840000376e+01 1.940346354560000108e+01
-9.913734406129999854e+01 1.940343819499999967e+01
-9.913723501050000664e+01 1.940331073750000002e+01
-9.913717407839999396e+01 1.940318324360000091e+01
-9.913712399909999817e+01 1.940306151269999901e+01
-9.913703480450000427e+01 1.940295819079999973e+01
-9.913689263550000419e+01 1.940288381479999913e+01
-9.913670027220000236e+01 1.940282790119999845e+01
-9.913658765270000117e+01 1.940281181259999954e+01
-9.913679463580000117e+01 1.940155672539999898e+01
-9.913682023820000211e+01 1.940134196320000015e+01
-9.913688648279999427e+01 1.940092537119999960e+01
-9.913705744470000525e+01 1.939985477460000141e+01
-9.913718232840000155e+01 1.939920032230000047e+01
-9.913631653519999531e+01 1.939913729250000074e+01
-9.913584331100000213e+01 1.939911158059999963e+01
-9.913526629499999387e+01 1.939909207339999853e+01
-9.913471299379999380e+01 1.939907035579999928e+01
-9.913404436589999591e+01 1.939903478969999995e+01
-9.913345125850000272e+01 1.939902356520000026e+01
-9.913294842060000178e+01 1.939901298359999871e+01
-9.913244601549999402e+01 1.939898693669999830e+01
-9.913186385260000577e+01 1.939896382830000121e+01
-9.913152224389999390e+01 1.939896030239999902e+01
-9.913094248660000574e+01 1.939895431709999940e+01
-9.913096717860000240e+01 1.939763790279999967e+01
-9.913103405859999384e+01 1.939672923190000020e+01
-9.913116309980000551e+01 1.939654062969999870e+01
-9.913129176290000544e+01 1.939627590870000162e+01
-9.913143173090000460e+01 1.939574565350000057e+01
-9.913147714250000320e+01 1.939555258860000109e+01
-9.913165589969999303e+01 1.939468266809999974e+01
-9.913168836760000602e+01 1.939452338819999966e+01
-9.913186146050000502e+01 1.939366980679999841e+01
-9.913188469349999821e+01 1.939354764449999990e+01
-9.913204193590000557e+01 1.939279338789999940e+01
-9.913206477190000498e+01 1.939266244939999950e+01
-9.913210714260000600e+01 1.939249183329999937e+01
-9.913236152940000068e+01 1.939131163309999906e+01
-9.913239781059999700e+01 1.939115720059999859e+01
-9.913267408279999415e+01 1.939018650630000096e+01
-9.913271713010000497e+01 1.938997962479999870e+01
-9.913276284890000056e+01 1.938973645489999953e+01
-9.913287890430000004e+01 1.938920633780000102e+01
-9.913300602699999331e+01 1.938856327230000076e+01
-9.913304508669999393e+01 1.938836753909999899e+01
-9.913321580400000244e+01 1.938749019890000014e+01
-9.913341024540000035e+01 1.938665314820000063e+01
-9.913345438800000409e+01 1.938646996119999955e+01
-9.913357734759999573e+01 1.938595969249999840e+01
-9.913362541840000119e+01 1.938577200230000130e+01
-9.913387620769999842e+01 1.938466351270000132e+01
-9.913392246569999600e+01 1.938447113169999980e+01
-9.913414516929999820e+01 1.938341443939999920e+01
-9.913420056389999502e+01 1.938316368790000155e+01
-9.913432411840000213e+01 1.938250963020000128e+01
-9.913439242020000108e+01 1.938216999850000022e+01
-9.913443580320000592e+01 1.938196751699999965e+01
-9.913456035219999762e+01 1.938129074740000135e+01
-9.913470646790000274e+01 1.938058096889999860e+01
-9.913499892180000472e+01 1.937926758680000106e+01
-9.913533201789999794e+01 1.937796078130000055e+01
-9.913548772199999348e+01 1.937718699159999858e+01
-9.913573048509999808e+01 1.937619159220000142e+01
-9.913579845360000320e+01 1.937587128930000091e+01
-9.913593905250000660e+01 1.937522952089999961e+01
-9.913600016600000231e+01 1.937487162980000122e+01
-9.913622903159999566e+01 1.937384665840000153e+01
-9.913645350160000191e+01 1.937287174340000107e+01
-9.913672634469999423e+01 1.937162660599999953e+01
-9.913693091970000637e+01 1.937079038470000114e+01
-9.913717746620000071e+01 1.936961649110000039e+01
-9.913741781470000092e+01 1.936862000489999858e+01
-9.913755736170000432e+01 1.936801273760000086e+01
-9.913773857559999669e+01 1.936721143780000176e+01
-9.913782962790000397e+01 1.936670420300000117e+01
-9.913795028920000618e+01 1.936609135699999840e+01
-9.913807891499999414e+01 1.936550300969999938e+01
-9.913822548070000096e+01 1.936491127649999910e+01
-9.913838248070000247e+01 1.936428751060000053e+01
-9.913851928969999960e+01 1.936363091890000021e+01
-9.913863763870000412e+01 1.936308063730000129e+01
-9.913876698640000029e+01 1.936246072340000168e+01
-9.913890378610000198e+01 1.936180780509999977e+01
-9.913904026570000383e+01 1.936112594709999968e+01
-9.913918799980000074e+01 1.936048583799999889e+01
-9.913939998109999863e+01 1.935953678579999959e+01
-9.913965634299999863e+01 1.935835359100000019e+01
-9.913989383080000550e+01 1.935736959360000142e+01
-9.913988874259999307e+01 1.935714001770000081e+01
-9.913983599360000198e+01 1.935691760399999950e+01
-9.914077293479999753e+01 1.935698822879999881e+01
-9.914092497049999508e+01 1.935699968770000012e+01
-9.914111383510000053e+01 1.935702254370000119e+01
-9.914149303039999950e+01 1.935706859520000123e+01
-9.914197455939999770e+01 1.935712670019999848e+01
-9.914227745680000226e+01 1.935716237120000116e+01
-9.914237610200000006e+01 1.935716821939999832e+01
-9.914289384799999993e+01 1.935719891600000153e+01
-9.914349968480000541e+01 1.935724145469999868e+01
