-9.918078642230000241e+01 1.934714351110000052e+01
-9.918076307270000314e+01 1.934717365250000043e+01
-9.918075048410000250e+01 1.934718491330000134e+01
-9.918073126189999300e+01 1.934719912550000132e+01
-9.918072107960000494e+01 1.934720528180000088e+01
-9.918070558530000369e+01 1.934721381259999973e+01
-9.918069189950000464e+01 1.934722006750000034e+01
-9.918067314290000525e+01 1.934722700529999884e+01
-9.918065186469999617e+01 1.934723286390000041e+01
-9.918063702290000094e+01 1.934723570390000091e+01
-9.918061938239999620e+01 1.934723793890000110e+01
-9.918055473750000317e+01 1.934723578379999864e+01
-9.918012728060000427e+01 1.934926804730000072e+01
-9.918009031629999583e+01 1.934935733040000017e+01
-9.918005984360000582e+01 1.934943093500000089e+01
-9.917993152200000395e+01 1.934964288140000122e+01
-9.917978394760000072e+01 1.934982734789999981e+01
-9.917960681910000176e+01 1.935000967699999919e+01
-9.917924769930000650e+01 1.935034234169999934e+01
-9.917845168920000276e+01 1.935101016369999982e+01
-9.917832334470000433e+01 1.935111503470000116e+01
-9.917766195439999422e+01 1.935174428750000075e+01
-9.917759845160000509e+01 1.935182147089999916e+01
-9.917748823089999632e+01 1.935201231659999976e+01
-9.917728431090000640e+01 1.935234974180000123e+01
-9.917722599520000415e+01 1.935244409310000080e+01
-9.917713932120000209e+01 1.935252411180000109e+01
-9.917704231589999608e+01 1.935260022330000140e+01
-9.917603097810000179e+01 1.935341051929999878e+01
-9.917578370590000247e+01 1.935362012399999898e+01
-9.917542744189999837e+01 1.935398496710000060e+01
-9.917522208900000180e+01 1.935424178270000084e+01
-9.917494157660000553e+01 1.935463642859999922e+01
-9.917420305160000282e+01 1.935544614439999833e+01
-9.917356223349999311e+01 1.935612461430000053e+01
-9.917299350140000058e+01 1.935675139370000153e+01
-9.917277474349999977e+01 1.935708138629999908e+01
-9.917272754850000638e+01 1.935718165850000005e+01
-9.917241413620000401e+01 1.935790449839999994e+01
-9.917170610830000044e+01 1.935956826250000162e+01
-9.917083212129999481e+01 1.935904505870000136e+01
-9.917055735479999612e+01 1.935888842339999982e+01
-9.917040414070000054e+01 1.935883127430000172e+01
-9.917015922859999932e+01 1.935874991889999919e+01
-9.916978033510000046e+01 1.935865953669999939e+01
-9.916919961360000002e+01 1.935859705700000077e+01
-9.916855034399999624e+01 1.935855194919999889e+01
-9.916776891160000673e+01 1.935851325009999968e+01
-9.916732646250000016e+01 1.935849097599999880e+01
-9.916715369359999954e+01 1.935848161590000061e+01
-9.916634160729999792e+01 1.935843533499999936e+01
-9.916494394679999402e+01 1.935836189060000123e+01
-9.916350048740000034e+01 1.935827260450000153e+01
-9.916181578670000363e+01 1.935817533890000064e+01
-9.916170261409999398e+01 1.935816947609999872e+01
-9.916046906510000269e+01 1.935810557439999968e+01
-9.915951669720000439e+01 1.935805407040000148e+01
-9.915910402500000487e+01 1.935803175119999864e+01
-9.915877822859999924e+01 1.935801186650000005e+01
-9.915808018799999957e+01 1.935796925960000081e+01
-9.915715723120000291e+01 1.935791191939999933e+01
-9.915695375510000531e+01 1.935789927689999956e+01
-9.915679559810000399e+01 1.935789461530000111e+01
-9.915620067609999921e+01 1.935786138659999978e+01
-9.915460508220000690e+01 1.935777225709999882e+01
-9.915316072139999903e+01 1.935769769890000092e+01
-9.915201567980000164e+01 1.935763900219999911e+01
-9.915146562420000009e+01 1.935760229019999912e+01
-9.915126454250000165e+01 1.935759552229999869e+01
-9.915047248259999435e+01 1.935755636920000100e+01
-9.915007070420000446e+01 1.935753284529999974e+01
-9.914968234600000585e+01 1.935751209700000075e+01
-9.914962487830000271e+01 1.935750890159999926e+01
-9.914889905479999754e+01 1.935747083489999909e+01
-9.914805434110000704e+01 1.935742510469999900e+01
-9.914762189200000364e+01 1.935740169119999976e+01
-9.914723261129999798e+01 1.935739214679999876e+01
-9.914673537669999348e+01 1.935737995470000072e+01
-9.914640779479999821e+01 1.935737027680000111e+01
-9.914620559530000321e+01 1.935736430200000058e+01
-9.914562116669999625e+01 1.935734958400000139e+01
-9.914509188319999566e+01 1.935733168510000013e+01
-9.914480998710000392e+01 1.935732221179999968e+01
-9.914438186190000124e+01 1.935729614419999933e+01
-9.914405464479999353e+01 1.935727182340000141e+01
-9.914385702299999537e+01 1.935726276149999947e+01
-9.914349968480000541e+01 1.935724145469999868e+01
-9.914289384799999993e+01 1.935719891600000153e+01
-9.914237610200000006e+01 1.935716821939999832e+01
-9.914227745680000226e+01 1.935716237120000116e+01
-9.914197455939999770e+01 1.935712670019999848e+01
-9.914149303039999950e+01 1.935706859520000123e+01
-9.914111383510000053e+01 1.935702254370000119e+01
-9.914092497049999508e+01 1.935699968770000012e+01
-9.914077293479999753e+01 1.935698822879999881e+01
-9.913983599360000198e+01 1.935691760399999950e+01
-9.913923188420000088e+01 1.935686529730000061e+01
-9.913772164300000611e+01 1.935676844529999840e+01
-9.913727874309999777e+01 1.935674283150000008e+01
-9.913693710510000301e+01 1.935671728239999823e+01
-9.913657430739999654e+01 1.935669461710000050e+01
-9.913625383570000338e+01 1.935667478550000098e+01
-9.913591521899999748e+01 1.935664636550000139e+01
-9.913552421820000404e+01 1.935662312859999901e+01
-9.913503141510000205e+01 1.935658908659999966e+01
-9.913474722210000323e+01 1.935656922669999958e+01
-9.913455978189999485e+01 1.935656363040000016e+01
-9.913439651720000256e+01 1.935654654709999889e+01
-9.913427049860000295e+01 1.935654068830000085e+01
-9.913397045899999682e+01 1.935653370580000043e+01
-9.913367423619999386e+01 1.935655193339999869e+01
-9.913348816779999595e+01 1.935658809099999900e+01
-9.913307431549999649e+01 1.935673608100000109e+01
-9.913291485589999752e+01 1.935680103629999849e+01
-9.913269108260000451e+01 1.935691769150000141e+01
-9.913250224269999933e+01 1.935703392670000156e+01
-9.913236926010000616e+01 1.935711983490000065e+01
-9.913228742939999449e+01 1.935717676599999848e+01
-9.913212702929999409e+01 1.935730108390000126e+01
-9.913191325340000049e+01 1.935752001350000029e+01
-9.913176297639999746e+01 1.935771670349999951e+01
-9.913142411299999424e+01 1.935826012980000144e+01
-9.913136096300000588e+01 1.935837569559999949e+01
-9.913117791339999485e+01 1.935866085409999826e+01
-9.913086979119999853e+01 1.935862740019999961e+01
-9.913032808280000552e+01 1.935856858160000016e+01
-9.913014240479999728e+01 1.935854842119999830e+01
-9.912985812430000010e+01 1.935851755290000042e+01
-9.912952634810000063e+01 1.935848152750000040e+01
-9.912938604869999892e+01 1.935846629319999934e+01
-9.912909774039999888e+01 1.935843498719999900e+01
-9.912893025019999982e+01 1.935841714900000099e+01
-9.912869505259999414e+01 1.935839125980000119e+01
-9.912839762309999969e+01 1.935835956160000038e+01
-9.912827708769999902e+01 1.935834587260000106e+01
-9.912776735520000670e+01 1.935829051949999879e+01
-9.912770849609999857e+01 1.935828412789999931e+01
-9.912717062609999630e+01 1.935822571710000162e+01
-9.912708872620000022e+01 1.935821682290000112e+01
-9.912673384849999536e+01 1.935817828349999914e+01
-9.912658296290000237e+01 1.935816183940000101e+01
-9.912628764500000500e+01 1.935812956479999869e+01
-9.912611339650000275e+01 1.935811090079999985e+01
-9.912586593769999865e+01 1.935808402640000025e+01
-9.912561378309999327e+01 1.935805664080000099e+01
-9.912511461969999971e+01 1.935800242759999890e+01
-9.912462405489999639e+01 1.935794914659999932e+01
-9.912378568489999964e+01 1.935785808740000036e+01
-9.912362100439999324e+01 1.935784016810000097e+01
-9.912247733819999951e+01 1.935771597420000134e+01
-9.912197974599999384e+01 1.935766192290000021e+01
-9.912189040970000065e+01 1.935697649880000171e+01
-9.912158856579999622e+01 1.935463636460000103e+01
-9.912145358969999620e+01 1.935392005630000156e+01
-9.912126186470000277e+01 1.935334015769999993e+01
-9.912093143709999765e+01 1.935231505349999992e+01
-9.912077736880000600e+01 1.935184147100000018e+01
-9.912048907369999995e+01 1.935115200310000105e+01
-9.912036091059999876e+01 1.935084549360000139e+01
-9.912024206450000463e+01 1.935056126710000157e+01
-9.912014641300000051e+01 1.935042785330000115e+01
-9.911982413020000138e+01 1.934999254310000083e+01
-9.911956006110000317e+01 1.934961486170000100e+01
-9.911954677769999478e+01 1.934959148269999929e+01
-9.911945724960000348e+01 1.934945648909999960e+01
-9.911890422320000482e+01 1.934862261099999969e+01
-9.911823160900000573e+01 1.934760839879999850e+01
-9.911806119109999713e+01 1.934735142750000136e+01
-9.911739218200000323e+01 1.934618934639999921e+01
-9.911726052730000447e+01 1.934594458000000117e+01
-9.911706686280000156e+01 1.934558368989999977e+01
-9.911705171250000035e+01 1.934555587250000031e+01
-9.911640453719999755e+01 1.934439405439999859e+01
-9.911621891219999725e+01 1.934411601189999885e+01
-9.911608203660000527e+01 1.934396381690000055e+01
-9.911587468519999788e+01 1.934370551820000017e+01
-9.911573139339999727e+01 1.934353243269999822e+01
-9.911565819690000012e+01 1.934343277840000042e+01
-9.911557154150000315e+01 1.934326412840000131e+01
-9.911530720650000603e+01 1.934266616449999887e+01
-9.911516334510000092e+01 1.934233307470000085e+01
-9.911511507529999676e+01 1.934223447069999935e+01
-9.911495277710000096e+01 1.934187225009999977e+01
-9.911454876060000174e+01 1.934097055109999985e+01
-9.911447550210000657e+01 1.934079048710000137e+01
-9.911444705729999782e+01 1.934067861859999837e+01
-9.911443221800000458e+01 1.934058525880000090e+01
-9.911439674970000624e+01 1.934042052390000066e+01
-9.911434482730000184e+01 1.934007155029999936e+01
-9.911431181470000240e+01 1.933983092860000141e+01
-9.911421590729999309e+01 1.933922978869999909e+01
-9.911418256710000207e+01 1.933901454620000138e+01
-9.911417763350000598e+01 1.933896954660000134e+01
-9.911413565899999867e+01 1.933863748639999969e+01
-9.911406844980000130e+01 1.933824971039999951e+01
-9.911403859889999524e+01 1.933813626670000119e+01
-9.911402040500000510e+01 1.933795974230000070e+01
-9.911395678319999547e+01 1.933763713709999976e+01
-9.911390744780000261e+01 1.933733616170000147e+01
-9.911376391909999484e+01 1.933692401829999952e+01
-9.911359669690000374e+01 1.933664799789999833e+01
-9.911321533100000636e+01 1.933597725259999933e+01
-9.911302234190000604e+01 1.933555859229999996e+01
-9.911296359470000539e+01 1.933542932430000150e+01
-9.911293458519999433e+01 1.933536849829999937e+01
-9.911243926269999349e+01 1.933463439639999848e+01
-9.911215848579999488e+01 1.933421826360000040e+01
-9.911193056109999588e+01 1.933396333530000177e+01
-9.911161824369999351e+01 1.933366701839999990e+01
-9.911126927499999795e+01 1.933342487399999854e+01
-9.911058964359999379e+01 1.933307654229999883e+01
-9.911053824100000043e+01 1.933304754639999956e+01
-9.911043038420000073e+01 1.933296327269999892e+01
-9.911032337059999975e+01 1.933287965830000132e+01
-9.911016754819999619e+01 1.933269645949999926e+01
-9.911009230669999681e+01 1.933258146509999875e+01
-9.910999673370000096e+01 1.933233526209999908e+01
-9.910998160469999618e+01 1.933229628799999844e+01
-9.910981803350000519e+01 1.933173177809999999e+01
-9.910972110500000554e+01 1.933146665900000016e+01
-9.910962973210000371e+01 1.933131397049999833e+01
-9.910930506009999874e+01 1.933086847650000095e+01
-9.910913969620000330e+01 1.933060811300000026e+01
-9.910894496939999954e+01 1.933030152139999913e+01
-9.910862126610000189e+01 1.932979954030000158e+01
-9.910833593239999573e+01 1.932935705839999940e+01
-9.910801192670000148e+01 1.932885460030000147e+01
-9.910792921869999361e+01 1.932872634039999937e+01
-9.910758854309999322e+01 1.932828678019999913e+01
-9.910707015869999736e+01 1.932774557569999985e+01
-9.910654434609999441e+01 1.932720458789999896e+01
-9.910604633280000542e+01 1.932669219719999987e+01
-9.910577014849999955e+01 1.932635080049999843e+01
-9.910572932510000044e+01 1.932630033859999941e+01
-9.910554583639999748e+01 1.932612088910000026e+01
-9.910542842869999447e+01 1.932600606640000152e+01
-9.910520637400000510e+01 1.932578889930000088e+01
-9.910510152979999532e+01 1.932568636259999906e+01
-9.910489126109999347e+01 1.932548072169999998e+01
-9.910433627650000687e+01 1.932493794590000036e+01
-9.910418619329999501e+01 1.932481050490000030e+01
-9.910398714379999774e+01 1.932467338849999905e+01
-9.910382066040000382e+01 1.932458692839999870e+01
-9.910345822230000579e+01 1.932441623049999890e+01
-9.910278154430000086e+01 1.932405511880000049e+01
-9.910239971209999510e+01 1.932383897149999896e+01
-9.910206648880000557e+01 1.932364095249999991e+01
-9.910170205309999858e+01 1.932342438250000072e+01
-9.910141790890000379e+01 1.932323925129999864e+01
-9.910116957009999794e+01 1.932307744710000108e+01
-9.910104750339999669e+01 1.932298852550000134e+01
-9.910084271130000388e+01 1.932283934100000167e+01
-9.910068442889999574e+01 1.932268274109999950e+01
-9.910040642079999884e+01 1.932240436229999858e+01
-9.909995387390000587e+01 1.932191962450000133e+01
-9.909953613429999564e+01 1.932139968770000138e+01
-9.909929841090000480e+01 1.932110025589999935e+01
-9.909924208309999472e+01 1.932098729859999864e+01
-9.909920703470000092e+01 1.932091701319999899e+01
-9.909912455859999625e+01 1.932065714559999847e+01
-9.909907626349999532e+01 1.932044148969999853e+01
-9.909929451889999541e+01 1.932044953739999826e+01
-9.909935029909999571e+01 1.931927325590000066e+01
-9.909959407259999864e+01 1.931634648010000177e+01
-9.909966508940000551e+01 1.931550393950000100e+01
-9.909987890719999371e+01 1.931296940949999907e+01
-9.910006919510000500e+01 1.930989955409999936e+01
-9.910023256540000602e+01 1.930776544749999957e+01
-9.910031297769999981e+01 1.930671501209999974e+01
-9.910032167100000322e+01 1.930658796279999834e+01
-9.910032996660000038e+01 1.930646672829999844e+01
-9.910049709449999966e+01 1.930445693440000099e+01
-9.910064657469999361e+01 1.930271381429999877e+01
-9.910079337259999477e+01 1.930125347010000070e+01
-9.910092916680000030e+01 1.930002105000000157e+01
-9.910102595390000602e+01 1.930001939219999940e+01
-9.910132900280000001e+01 1.930000945880000174e+01
-9.910212087220000399e+01 1.929997162120000098e+01
-9.910376649309999664e+01 1.929988385009999874e+01
-9.910403582639999343e+01 1.929986813909999910e+01
-9.910450243260000036e+01 1.929984420259999922e+01
-9.910494950800000424e+01 1.929982113260000176e+01
-9.910501652899999669e+01 1.929981749459999918e+01
-9.910541934420000132e+01 1.929979759229999914e+01
-9.910556674250000242e+01 1.929979084649999876e+01
-9.910608388289999482e+01 1.929975981420000153e+01
-9.910638931100000093e+01 1.929974267589999926e+01
-9.910657515680000529e+01 1.929973293729999995e+01
-9.910707636200000081e+01 1.929970770230000099e+01
-9.910725335819999771e+01 1.929969595940000104e+01
-9.910738128949999748e+01 1.929969255840000031e+01
-9.910821584849999510e+01 1.929964243659999923e+01
-9.910843081880000227e+01 1.929962621059999961e+01
-9.910880774899999324e+01 1.929960077140000152e+01
-9.910920741079999630e+01 1.929961826310000106e+01
-9.910942169209999975e+01 1.929967260249999939e+01
-9.910992724880000537e+01 1.929979864779999943e+01
-9.911029892439999855e+01 1.929988802409999948e+01
-9.911143062419999694e+01 1.930015935309999975e+01
-9.911195767979999971e+01 1.930029276950000039e+01
-9.911245337190000271e+01 1.930041615680000078e+01
-9.911296361780000552e+01 1.930053805580000059e+01
-9.911365175730000487e+01 1.930067733599999968e+01
-9.911429422140000156e+01 1.930081373249999999e+01
-9.911556327809999800e+01 1.930111654990000147e+01
-9.911567747079999435e+01 1.930114448730000021e+01
-9.911616581920000613e+01 1.930126395839999986e+01
-9.911680778029999317e+01 1.930142024350000085e+01
-9.911741544589999364e+01 1.930157967119999896e+01
-9.911778673480000634e+01 1.930168311550000126e+01
-9.911984954300000084e+01 1.930225898429999987e+01
-9.912093911220000564e+01 1.930259612729999930e+01
-9.912202695610000092e+01 1.930293658200000095e+01
-9.912243777809999301e+01 1.930308784329999838e+01
-9.912297413119999590e+01 1.930328695449999898e+01
-9.912461022179999759e+01 1.930396294810000057e+01
-9.912465626370000393e+01 1.930398055319999884e+01
-9.912482587409999724e+01 1.930404085289999827e+01
-9.912608340430000453e+01 1.930457372120000059e+01
-9.912683790559999863e+01 1.930489909750000166e+01
-9.912708261180000591e+01 1.930500182700000167e+01
-9.912731782779999889e+01 1.930510057289999892e+01
-9.912761786820000509e+01 1.930522653159999891e+01
-9.912781420550000178e+01 1.930531065110000100e+01
-9.912829839730000003e+01 1.930551809860000034e+01
-9.912894948359999603e+01 1.930579704859999879e+01
-9.912947286639999334e+01 1.930602502749999871e+01
-9.912997153210000079e+01 1.930624032940000134e+01
-9.913001624640000387e+01 1.930625963549999824e+01
-9.913045516549999547e+01 1.930644854140000177e+01
-9.913096511329999316e+01 1.930666801390000131e+01
-9.913150614660000315e+01 1.930690127460000127e+01
-9.913249808439999811e+01 1.930732542330000001e+01
-9.913279857630000436e+01 1.930744290239999827e+01
-9.913416741359999662e+01 1.930804794009999981e+01
-9.913472472830000015e+01 1.930829397850000007e+01
-9.913557603579999977e+01 1.930721706279999950e+01
-9.913610886669999900e+01 1.930663107270000012e+01
-9.913640100199999949e+01 1.930631914330000143e+01
-9.913711661450000179e+01 1.930560467709999983e+01
-9.913771958259999906e+01 1.930492092449999930e+01
-9.913789837779999914e+01 1.930471817249999944e+01
-9.913814976720000516e+01 1.930444652110000092e+01
-9.913826389460000144e+01 1.930432780170000129e+01
-9.913844949810000173e+01 1.930414434949999958e+01
-9.913864456619999999e+01 1.930392541399999828e+01
-9.913869997800000533e+01 1.930386178839999900e+01
-9.913894795999999587e+01 1.930358529109999921e+01
-9.913902947590000281e+01 1.930349634999999964e+01
-9.913936274819999994e+01 1.930312463830000169e+01
-9.913937282070000379e+01 1.930311338279999944e+01
-9.913965361789999520e+01 1.930281363880000001e+01
-9.913967968160000055e+01 1.930278583899999845e+01
-9.914012790580000001e+01 1.930228000299999991e+01
-9.914016119609999578e+01 1.930224384659999970e+01
-9.914051423860000511e+01 1.930182789679999900e+01
-9.914067285039999433e+01 1.930165584159999881e+01
-9.914088820019999559e+01 1.930142223740000063e+01
-9.914092836199999681e+01 1.930137867079999836e+01
-9.914125567199999978e+01 1.930102250239999861e+01
-9.914176726869999356e+01 1.930047002639999931e+01
-9.914207448569999315e+01 1.930015550739999952e+01
-9.914236498980000079e+01 1.929985809700000132e+01
-9.914261623529999667e+01 1.929960636319999878e+01
-9.914339185369999541e+01 1.929990707700000030e+01
-9.914375031970000407e+01 1.930004453560000144e+01
-9.914409635529999321e+01 1.930017693459999961e+01
-9.914451119250000488e+01 1.930033834339999999e+01
-9.914462346829999717e+01 1.930038046660000006e+01
-9.914469814439999595e+01 1.930040945680000064e+01
-9.914505697510000459e+01 1.930054871509999970e+01
-9.914524520909999694e+01 1.930062128269999988e+01
-9.914564607719999856e+01 1.930073312789999918e+01
-9.914610158029999809e+01 1.930082722719999921e+01
-9.914659045720000563e+01 1.930092592069999924e+01
-9.914693041719999655e+01 1.930096700049999825e+01
-9.914712797549999834e+01 1.930096408460000035e+01
-9.914741008170000214e+01 1.930128641050000127e+01
-9.914764210609999395e+01 1.930102855790000049e+01
-9.914785667649999823e+01 1.930082916199999943e+01
-9.914818572750000669e+01 1.930057081240000016e+01
-9.914878659430000596e+01 1.930009264359999932e+01
-9.914960989290000271e+01 1.929945293029999931e+01
-9.915009431880000079e+01 1.929908676000000156e+01
-9.915063239510000415e+01 1.929870019410000026e+01
-9.915073184370000092e+01 1.929862874810000051e+01
-9.915110053109999910e+01 1.929838322939999884e+01
-9.915137880160000350e+01 1.929819551199999950e+01
-9.915154767149999770e+01 1.929806401349999945e+01
-9.915162094980000518e+01 1.929800642069999839e+01
-9.915178747059999864e+01 1.929793273170000134e+01
-9.915194040590000668e+01 1.929788283019999895e+01
-9.915214071489999981e+01 1.929782751939999841e+01
-9.915383419159999789e+01 1.929743363080000051e+01
-9.915461427179999987e+01 1.929727306230000039e+01
-9.915521519070000522e+01 1.929715122669999872e+01
-9.915526535009999520e+01 1.929714108860000010e+01
-9.915595548880000365e+01 1.929699402640000017e+01
-9.915642373410000232e+01 1.929689629010000118e+01
-9.915666453590000629e+01 1.929683683669999894e+01
-9.915672035839999410e+01 1.929690873250000038e+01
-9.915680400790000704e+01 1.929701636380000096e+01
-9.915733448160000307e+01 1.929769891740000176e+01
-9.915748093790000439e+01 1.929789173220000009e+01
-9.915790861220000352e+01 1.929848794999999839e+01
-9.915841828279999959e+01 1.929913290500000045e+01
-9.915865051510000683e+01 1.929937051779999990e+01
-9.915887126330000001e+01 1.929959016660000160e+01
-9.915904610350000326e+01 1.929974732830000050e+01
-9.915939565610000272e+01 1.930000617119999973e+01
-9.915971531819999996e+01 1.930024288190000092e+01
-9.915997321160000411e+01 1.930041565459999831e+01
-9.916024425150000354e+01 1.930056601640000125e+01
-9.916077348340000697e+01 1.930082804610000125e+01
-9.916129585180000561e+01 1.930102894679999892e+01
-9.916155073800000253e+01 1.930110828449999971e+01
-9.916159641139999792e+01 1.930112084719999999e+01
-9.916199939919999906e+01 1.930122282170000148e+01
-9.916226289799999449e+01 1.930127741889999982e+01
-9.916256006019999347e+01 1.930132372899999993e+01
-9.916271349390000012e+01 1.930134912770000000e+01
-9.916285464070000444e+01 1.930137249159999868e+01
-9.916318009249999932e+01 1.930141686010000157e+01
-9.916330217070000685e+01 1.930143350299999838e+01
-9.916377713059999621e+01 1.930149893160000119e+01
-9.916427725409999994e+01 1.930156785999999869e+01
-9.916490118650000340e+01 1.930165449380000098e+01
-9.916547419920000550e+01 1.930173410880000162e+01
-9.916555995909999410e+01 1.930174601830000114e+01
-9.916592048690000638e+01 1.930179521599999859e+01
-9.916599061869999332e+01 1.930180477709999920e+01
-9.916650569620000510e+01 1.930187507500000166e+01
-9.916664380080000285e+01 1.930189243719999936e+01
-9.916727225180000005e+01 1.930197897660000095e+01
-9.916756274140000471e+01 1.930201360759999929e+01
-9.916793260480000072e+01 1.930206177870000062e+01
-9.916815889730000322e+01 1.930209029399999920e+01
-9.916848589500000344e+01 1.930213330200000144e+01
-9.916901643379999598e+01 1.930220688019999997e+01
-9.916912454420000245e+01 1.930222197370000004e+01
-9.916967847440000128e+01 1.930229816250000141e+01
-9.916983944240000426e+01 1.930232187220000029e+01
-9.917019406629999878e+01 1.930236448810000027e+01
-9.917033994589999679e+01 1.930238821169999852e+01
-9.917094860109999388e+01 1.930247114930000052e+01
-9.917147553819999928e+01 1.930254026249999910e+01
-9.917167969080000489e+01 1.930256564880000170e+01
-9.917222685359999446e+01 1.930264124849999874e+01
-9.917286826909999320e+01 1.930273056229999895e+01
-9.917341622120000011e+01 1.930281090660000132e+01
-9.917405131350000147e+01 1.930289422759999951e+01
-9.917465797539999528e+01 1.930298057219999919e+01
-9.917528785019999304e+01 1.930306122080000009e+01
-9.917588819510000064e+01 1.930314756730000170e+01
-9.917654937909999546e+01 1.930323110020000144e+01
-9.917679900289999750e+01 1.930327282120000021e+01
-9.917713164549999760e+01 1.930331555709999947e+01
-9.917732397829999513e+01 1.930333155650000165e+01
-9.917855561870000258e+01 1.930341518050000005e+01
-9.917928754529999935e+01 1.930344035570000116e+01
-9.917940663330000461e+01 1.930344023849999857e+01
-9.917988349949999360e+01 1.930343755650000048e+01
-9.918036728399999902e+01 1.930342531020000152e+01
-9.918066096719999791e+01 1.930341066009999906e+01
-9.918126133299999481e+01 1.930337475640000022e+01
-9.918143003119999435e+01 1.930336517379999961e+01
-9.918234902720000434e+01 1.930327953919999828e+01
-9.918282360370000106e+01 1.930322237149999864e+01
-9.918320811030000073e+01 1.930317726199999839e+01
-9.918364783510000393e+01 1.930312969919999944e+01
-9.918418862800000113e+01 1.930307030630000042e+01
-9.918576074649999441e+01 1.930288932759999909e+01
-9.918598152799999923e+01 1.930286556389999930e+01
-9.918624696630000415e+01 1.930283939990000164e+01
-9.918807957980000367e+01 1.930264640549999910e+01
-9.918828299400000503e+01 1.930262265669999877e+01
-9.918956389080000235e+01 1.930247778380000057e+01
-9.919158442680000576e+01 1.930225436399999950e+01
-9.919293423370000085e+01 1.930210545730000149e+01
-9.919345113609999487e+01 1.930204841429999973e+01
-9.919402101820000439e+01 1.930201330810000115e+01
-9.919446781770000143e+01 1.930201283310000093e+01
-9.919483521280000105e+01 1.930203442119999835e+01
-9.919505367050000189e+01 1.930205302870000139e+01
-9.919543342299999722e+01 1.930210217129999961e+01
-9.919595354770000029e+01 1.930219896599999885e+01
-9.919628607170000123e+01 1.930227817209999941e+01
-9.919671103310000149e+01 1.930240497000000133e+01
-9.919715768620000063e+01 1.930255921399999863e+01
-9.919776151320000679e+01 1.930281486679999858e+01
-9.919810924909999983e+01 1.930299975450000005e+01
-9.919846031730000391e+01 1.930320347849999862e+01
-9.919869604320000178e+01 1.930335469239999924e+01
-9.919908687849999751e+01 1.930359919269999835e+01
-9.919950579970000604e+01 1.930382394809999980e+01
-9.919990855039999644e+01 1.930403140960000030e+01
-9.920018447690000585e+01 1.930417354129999907e+01
-9.920127118140000277e+01 1.930463908369999970e+01
-9.920222935249999807e+01 1.930496069240000168e+01
-9.920272186399999725e+01 1.930509638739999900e+01
-9.920320315989999926e+01 1.930521724389999960e+01
-9.920359071500000425e+01 1.930529183359999834e+01
-9.920435180709999656e+01 1.930542956089999862e+01
-9.920459027149999542e+01 1.930547076299999887e+01
-9.920504733490000149e+01 1.930555507260000070e+01
-9.920567121679999900e+01 1.930566731200000063e+01
-9.920575217430000237e+01 1.930568187680000136e+01
-9.920574187450000636e+01 1.930574520229999891e+01
-9.920571900010000377e+01 1.930586840530000003e+01
-9.920565169149999463e+01 1.930621607699999842e+01
-9.920555329939999467e+01 1.930672384129999841e+01
-9.920550817679999511e+01 1.930671573900000126e+01
-9.920549312040000700e+01 1.930655780729999904e+01
-9.920544674479999969e+01 1.930647675910000061e+01
-9.920537895799999717e+01 1.930639051360000025e+01
-9.920523874069999692e+01 1.930630140019999885e+01
-9.920253596519999917e+01 1.930889563979999934e+01
-9.920173336700000277e+01 1.930968087870000005e+01
-9.920073058900000262e+01 1.931065137270000065e+01
-9.920063455640000427e+01 1.931075106680000175e+01
-9.920058181090000460e+01 1.931080620230000022e+01
-9.920024712679999368e+01 1.931116003090000177e+01
-9.920047568239999691e+01 1.931140609959999921e+01
-9.920064632470000276e+01 1.931140693189999880e+01
-9.920118405889999735e+01 1.931145757799999885e+01
-9.920121594409999943e+01 1.931151791070000101e+01
-9.920122355319999485e+01 1.931161910890000044e+01
-9.920122930120000149e+01 1.931172918640000091e+01
-9.920121262639999316e+01 1.931187539069999914e+01
-9.920118465289999676e+01 1.931195354540000153e+01
-9.920114179070000660e+01 1.931203429290000173e+01
-9.919996528910000677e+01 1.931384357110000138e+01
-9.919872651919999385e+01 1.931580581729999935e+01
-9.919659914220000019e+01 1.931922725520000128e+01
-9.919498778679999873e+01 1.932184251329999825e+01
-9.919493357499999320e+01 1.932203000350000011e+01
-9.919488132050000218e+01 1.932314054789999958e+01
-9.919488628509999728e+01 1.932346429409999899e+01
-9.919485302680000416e+01 1.932472070380000062e+01
-9.919479259749999756e+01 1.932712696580000156e+01
-9.919477718859999982e+01 1.932871971000000144e+01
-9.919474798589999409e+01 1.932932868219999989e+01
-9.919470419430000163e+01 1.933023349850000017e+01
-9.919500385499999595e+01 1.933062994619999841e+01
-9.919529329610000445e+01 1.933109216549999942e+01
-9.919575781090000532e+01 1.933194766840000156e+01
-9.919609135519999654e+01 1.933240107649999828e+01
-9.919626551720000407e+01 1.933268442030000145e+01
-9.919635880500000269e+01 1.933288500109999930e+01
-9.919638256540000043e+01 1.933302889919999856e+01
-9.919639097869999489e+01 1.933324165459999833e+01
-9.919638861590000545e+01 1.933332560630000074e+01
-9.919637444880000032e+01 1.933340681729999844e+01
-9.919629469960000279e+01 1.933363128499999917e+01
-9.919638996109999596e+01 1.933367632750000098e+01
-9.919650356729999885e+01 1.933370278949999843e+01
-9.919661568419999753e+01 1.933371665920000027e+01
-9.919693398319999744e+01 1.933372077430000147e+01
-9.919821792960000550e+01 1.933350733099999985e+01
-9.919871350559999712e+01 1.933342454619999984e+01
-9.919992436120000434e+01 1.933322653910000000e+01
-9.919982092550000630e+01 1.933350537829999993e+01
-9.919959377450000204e+01 1.933384089100000125e+01
-9.919938189929999339e+01 1.933408459260000001e+01
-9.919917910069999323e+01 1.933431785390000002e+01
-9.919870966569999382e+01 1.933496303500000124e+01
-9.919852687430000060e+01 1.933514981580000125e+01
-9.919839814259999855e+01 1.933525918020000134e+01
-9.919825965750000307e+01 1.933537827989999869e+01
-9.919805680080000343e+01 1.933548414990000097e+01
-9.919786731599999996e+01 1.933554385640000106e+01
-9.919767290999999432e+01 1.933559487710000013e+01
-9.919693364549999615e+01 1.933573568439999946e+01
-9.919618879419999757e+01 1.933588730450000170e+01
-9.919510379000000455e+01 1.933617107270000091e+01
-9.919428481180000290e+01 1.933639163490000001e+01
-9.919315682440000614e+01 1.933661037310000097e+01
-9.919172492129999341e+01 1.933687362099999874e+01
-9.919152918300000010e+01 1.933689008829999878e+01
-9.919137743929999829e+01 1.933689880440000053e+01
-9.919123595099999591e+01 1.933687699460000076e+01
-9.919104725900000119e+01 1.933714287920000174e+01
-9.919060473899999408e+01 1.933772284360000171e+01
-9.919024879680000595e+01 1.933797965140000130e+01
-9.919032129890000249e+01 1.933867724110000097e+01
-9.919004578169999320e+01 1.933858658819999832e+01
-9.918948862329999372e+01 1.933937381699999847e+01
-9.918933054069999855e+01 1.933954224089999840e+01
-9.918916108519999852e+01 1.933972278039999892e+01
-9.918856900260000486e+01 1.934014857949999922e+01
-9.918822430310000016e+01 1.934040438119999905e+01
-9.918799972349999905e+01 1.934064502300000044e+01
-9.918766100009999320e+01 1.934101530879999942e+01
-9.918732630770000469e+01 1.934113027560000120e+01
-9.918680857889999913e+01 1.934127818030000157e+01
-9.918668499710000219e+01 1.934139838879999829e+01
-9.918662435939999966e+01 1.934159620730000029e+01
-9.918650512809999498e+01 1.934193291669999937e+01
-9.918596908089999431e+01 1.934244781729999829e+01
-9.918535325509999723e+01 1.934297711469999825e+01
-9.918477522489999387e+01 1.934343810000000019e+01
-9.918450152270000331e+01 1.934358747650000154e+01
-9.918433468240000650e+01 1.934362312429999875e+01
-9.918403835249999645e+01 1.934364798609999880e+01
-9.918383650420000208e+01 1.934391961909999935e+01
-9.918367770140000061e+01 1.934425641869999879e+01
-9.918350922259999436e+01 1.934456948500000095e+01
-9.918341080609999949e+01 1.934477541589999916e+01
-9.918336650109999653e+01 1.934492492009999864e+01
-9.918329293249999523e+01 1.934526520620000056e+01
-9.918315606710000054e+01 1.934584662139999978e+01
-9.918308442030000549e+01 1.934612176359999935e+01
-9.918287487310000472e+01 1.934658431400000111e+01
-9.918266423260000408e+01 1.934658740369999919e+01
-9.918249765320000222e+01 1.934664418479999881e+01
-9.918233525470000700e+01 1.934676147849999950e+01
-9.918179216320000080e+01 1.934734537799999998e+01
-9.918082266279999715e+01 1.934706211660000008e+01
-9.918080333599999676e+01 1.934711520669999985e+01
-9.918078642230000241e+01 1.934714351110000052e+01
