-9.925737566130000289e+01 1.940112022410000137e+01
-9.925697935399999494e+01 1.940043168669999929e+01
-9.925693562899999733e+01 1.940045660759999890e+01
-9.925689190389999794e+01 1.940048152849999852e+01
-9.925680580019999866e+01 1.940057523389999972e+01
-9.925667283650000172e+01 1.940071993640000159e+01
-9.925652859500000602e+01 1.940113922220000120e+01
-9.925638289379999435e+01 1.940152206919999855e+01
-9.925618665540000052e+01 1.940203770749999990e+01
-9.925613760710000122e+01 1.940217877370000110e+01
-9.925612248570000418e+01 1.940222226330000055e+01
-9.925601348360000031e+01 1.940253575690000076e+01
-9.925602761780000094e+01 1.940312450640000108e+01
-9.925603405420000058e+01 1.940339259699999985e+01
-9.925603810849999320e+01 1.940356149569999999e+01
-9.925580791100000511e+01 1.940357241879999961e+01
-9.925567185170000073e+01 1.940331172630000012e+01
-9.925556906869999807e+01 1.940309543389999902e+01
-9.925537632639999686e+01 1.940257590539999910e+01
-9.925537092460000110e+01 1.940231112940000102e+01
-9.925540429379999807e+01 1.940201042669999865e+01
-9.925536975040000698e+01 1.940187563370000134e+01
-9.925522789939999768e+01 1.940151303529999893e+01
-9.925525805120000200e+01 1.940113844089999873e+01
-9.925535623490000603e+01 1.940068254979999907e+01
-9.925540498860000582e+01 1.940036307540000138e+01
-9.925536837520000688e+01 1.940005936349999871e+01
-9.925524654150000003e+01 1.939951485690000155e+01
-9.925520685850000291e+01 1.939913989760000135e+01
-9.925525064449999491e+01 1.939867578490000000e+01
-9.925540701479999939e+01 1.939818919700000066e+01
-9.925568355490000272e+01 1.939726270630000116e+01
-9.925621504990000687e+01 1.939667454290000137e+01
-9.925635429790000330e+01 1.939651385530000027e+01
-9.925769385579999948e+01 1.939558125279999956e+01
-9.925844339450000575e+01 1.939505202570000009e+01
-9.925900159169999881e+01 1.939475036989999879e+01
-9.925918463979999729e+01 1.939465112059999896e+01
-9.925927099609999971e+01 1.939460429809999908e+01
-9.925948993350000649e+01 1.939446788349999906e+01
-9.925956576720000157e+01 1.939439223429999970e+01
-9.925962640459999875e+01 1.939431300849999928e+01
-9.925964343670000289e+01 1.939427701199999987e+01
-9.925965475300000662e+01 1.939422843359999860e+01
-9.925966029580000338e+01 1.939413130020000153e+01
-9.925962023660000000e+01 1.939395724159999901e+01
-9.925958505229999673e+01 1.939376384219999849e+01
-9.925957539389999340e+01 1.939371075409999889e+01
-9.925938949419999346e+01 1.939317740490000119e+01
-9.925928411649999816e+01 1.939274202760000065e+01
-9.925927587649999850e+01 1.939264844119999864e+01
-9.925925152240000671e+01 1.939259937539999967e+01
-9.925921586750000358e+01 1.939256720339999873e+01
-9.925888791049999327e+01 1.939243446869999943e+01
-9.925879442459999780e+01 1.939242599419999991e+01
-9.925868726390000063e+01 1.939245628060000115e+01
-9.925847106919999874e+01 1.939266958649999850e+01
-9.925837581669999565e+01 1.939270551919999974e+01
-9.925784502700000189e+01 1.939276046999999892e+01
-9.925680816749999735e+01 1.939284314569999879e+01
-9.925667223719999299e+01 1.939286524350000107e+01
-9.925654769349999640e+01 1.939289826390000115e+01
-9.925608310219999453e+01 1.939331531150000032e+01
-9.925596049600000015e+01 1.939340181769999916e+01
-9.925584930210000323e+01 1.939345095279999853e+01
-9.925566567190000455e+01 1.939349431140000135e+01
-9.925547310560000369e+01 1.939352284719999986e+01
-9.925530143899999302e+01 1.939354576999999935e+01
-9.925507460590000619e+01 1.939360887810000023e+01
-9.925483968070000174e+01 1.939370739390000153e+01
-9.925456533450000052e+01 1.939388071699999827e+01
-9.925444228000000635e+01 1.939398075709999958e+01
-9.925437821500000268e+01 1.939406610300000011e+01
-9.925435775660000104e+01 1.939414651890000130e+01
-9.925437064060000125e+01 1.939421958100000154e+01
-9.925440438479999727e+01 1.939428938400000035e+01
-9.925481775309999932e+01 1.939474192750000014e+01
-9.925488196550000453e+01 1.939484415369999937e+01
-9.925492823429999589e+01 1.939496345719999937e+01
-9.925494664849999538e+01 1.939509049060000123e+01
-9.925490650099999357e+01 1.939515886530000088e+01
-9.925484729080000079e+01 1.939519511359999981e+01
-9.925475424229999533e+01 1.939521675639999998e+01
-9.925459470330000045e+01 1.939515872870000024e+01
-9.925444072070000345e+01 1.939507610960000150e+01
-9.925430134239999802e+01 1.939498798529999846e+01
-9.925392656469999508e+01 1.939468155389999993e+01
-9.925345492030000116e+01 1.939420683850000060e+01
-9.925322496770000669e+01 1.939398977480000141e+01
-9.925302379030000566e+01 1.939374736819999967e+01
-9.925296082789999730e+01 1.939363288870000090e+01
-9.925288466140000310e+01 1.939357221379999885e+01
-9.925255668050000679e+01 1.939352487529999891e+01
-9.925189479109999979e+01 1.939346987329999905e+01
-9.925159305639999729e+01 1.939346065639999850e+01
-9.925147590379999940e+01 1.939346081820000123e+01
-9.925127934729999879e+01 1.939348560079999828e+01
-9.925102849350000156e+01 1.939357890519999827e+01
-9.925086675949999915e+01 1.939365124589999922e+01
-9.925062545849999651e+01 1.939369532899999982e+01
-9.925020727429999567e+01 1.939367885740000119e+01
-9.924999368310000136e+01 1.939365545440000105e+01
-9.924986346340000409e+01 1.939363061699999946e+01
-9.924959178730000531e+01 1.939355123989999896e+01
-9.924942586900000663e+01 1.939348318029999874e+01
-9.924925161679999519e+01 1.939342638620000159e+01
-9.924905941069999926e+01 1.939345517319999956e+01
-9.924890328620000446e+01 1.939353524439999887e+01
-9.924873891830000616e+01 1.939367602709999971e+01
-9.924854309449999334e+01 1.939384375090000034e+01
-9.924836901369999964e+01 1.939400940290000008e+01
-9.924820091799999489e+01 1.939414652889999857e+01
-9.924799076360000072e+01 1.939427230609999953e+01
-9.924780828650000331e+01 1.939430398080000018e+01
-9.924764620860000264e+01 1.939430674939999832e+01
-9.924723099009999316e+01 1.939425164420000058e+01
-9.924703579180000190e+01 1.939418190689999832e+01
-9.924693334090000008e+01 1.939407415739999863e+01
-9.924685829620000277e+01 1.939397694259999838e+01
-9.924680581699999493e+01 1.939385066939999902e+01
-9.924675325559999806e+01 1.939370604459999825e+01
-9.924673613919999582e+01 1.939354343080000120e+01
-9.924680382869999562e+01 1.939317675419999887e+01
-9.924691549050000106e+01 1.939282891719999924e+01
-9.924695413770000130e+01 1.939266069920000035e+01
-9.924718196690000127e+01 1.939242555250000066e+01
-9.924772253320000459e+01 1.939195908989999850e+01
-9.924781261009999866e+01 1.939186218180000054e+01
-9.924785818860000575e+01 1.939179330110000166e+01
-9.924809665169999562e+01 1.939133418260000141e+01
-9.924819061629999339e+01 1.939113900779999966e+01
-9.924836055209999586e+01 1.939078603380000132e+01
-9.924841209209999704e+01 1.939070597379999938e+01
-9.924850374279999699e+01 1.939056360980000093e+01
-9.924852709770000558e+01 1.939040936430000173e+01
-9.924852340629999503e+01 1.939030994579999856e+01
-9.924850788819999536e+01 1.939019193109999861e+01
-9.924840382540000405e+01 1.938878906300000082e+01
-9.924833069609999825e+01 1.938768511210000156e+01
-9.924827817780000316e+01 1.938746841589999903e+01
-9.924813356890000193e+01 1.938711931159999935e+01
-9.924799135840000019e+01 1.938677638829999950e+01
-9.924778346600000134e+01 1.938651274480000097e+01
-9.924768787989999907e+01 1.938631912629999832e+01
-9.924763323380000202e+01 1.938617230119999846e+01
-9.924765261379999970e+01 1.938595701619999900e+01
-9.924878084920000276e+01 1.938503969050000109e+01
-9.924974698890000013e+01 1.938426504579999943e+01
-9.925003401559999361e+01 1.938403578719999842e+01
-9.925032502000000534e+01 1.938383394559999928e+01
-9.925068098949999751e+01 1.938360819120000045e+01
-9.925077030020000279e+01 1.938354849850000150e+01
-9.925118898840000270e+01 1.938328047779999963e+01
-9.925247095820000709e+01 1.938246614210000018e+01
-9.925424664359999838e+01 1.938133436620000083e+01
-9.925460510780000334e+01 1.938110588509999843e+01
-9.925498705539999378e+01 1.938086563699999942e+01
-9.925579419759999666e+01 1.938035448200000133e+01
-9.925607994640000697e+01 1.938017351810000122e+01
-9.925690916889999471e+01 1.937961305969999870e+01
-9.925714730410000186e+01 1.937940952159999952e+01
-9.925765248689999964e+01 1.937895122799999825e+01
-9.925792307490000610e+01 1.937870575359999847e+01
-9.925888724889999537e+01 1.937784421859999995e+01
-9.925980425849999733e+01 1.937702684379999951e+01
-9.926059686479999300e+01 1.937635321910000030e+01
-9.926102989970000579e+01 1.937603344029999874e+01
-9.926135349189999602e+01 1.937584065460000105e+01
-9.926168898740000657e+01 1.937566177529999933e+01
-9.926204329600000165e+01 1.937548973679999875e+01
-9.926297806940000612e+01 1.937503892049999976e+01
-9.926325706320000108e+01 1.937495638129999875e+01
-9.926346961560000182e+01 1.937490942490000023e+01
-9.926378153509999436e+01 1.937485843580000022e+01
-9.926505915549999770e+01 1.937466698649999941e+01
-9.926564381779999735e+01 1.937457937270000130e+01
-9.926630349319999880e+01 1.937447410440000084e+01
-9.926636715950000678e+01 1.937445639910000139e+01
-9.926642927860000043e+01 1.937443571720000079e+01
-9.926649017110000273e+01 1.937441197849999952e+01
-9.926654967150000175e+01 1.937438524799999939e+01
-9.926660761690000356e+01 1.937435559880000113e+01
-9.926666384719999314e+01 1.937432311239999905e+01
-9.926671820880000041e+01 1.937428787740000047e+01
-9.926677055359999713e+01 1.937424999079999921e+01
-9.926682073640000681e+01 1.937420955609999851e+01
-9.926686862120000399e+01 1.937416668499999872e+01
-9.926691407600000616e+01 1.937412149369999881e+01
-9.926695697579999944e+01 1.937407410699999843e+01
-9.926699735729999929e+01 1.937402446640000164e+01
-9.926725644249999903e+01 1.937359366169999930e+01
-9.926733096819999957e+01 1.937351426929999931e+01
-9.926740701660000354e+01 1.937345327939999962e+01
-9.926750100290000489e+01 1.937340500599999871e+01
-9.926757709749999492e+01 1.937337233110000057e+01
-9.926766665419999924e+01 1.937335379410000158e+01
-9.926774564219999775e+01 1.937334929909999914e+01
-9.926782846689999928e+01 1.937335291609999999e+01
-9.926793102770000132e+01 1.937337160699999927e+01
-9.926800675650000017e+01 1.937338545340000096e+01
-9.926808039739999856e+01 1.937340927369999832e+01
-9.926814772619999871e+01 1.937343110779999833e+01
-9.926840959090000638e+01 1.937352578469999997e+01
-9.926848655060000226e+01 1.937354228899999953e+01
-9.926856047660000115e+01 1.937355438910000061e+01
-9.926862365089999685e+01 1.937356244380000092e+01
-9.926869482380000420e+01 1.937356534139999908e+01
-9.926877058520000219e+01 1.937356595960000050e+01
-9.926883709700000225e+01 1.937356252340000040e+01
-9.926890956500000129e+01 1.937355616929999869e+01
-9.926897381050000035e+01 1.937354752639999944e+01
-9.926911874670000202e+01 1.937352719220000097e+01
-9.926923952170000121e+01 1.937351030929999851e+01
-9.926934141569999781e+01 1.937348987480000062e+01
-9.926943792810000389e+01 1.937346656029999892e+01
-9.926952387640000097e+01 1.937344112850000144e+01
-9.926965099580000640e+01 1.937338945549999991e+01
-9.926977761339999518e+01 1.937331434040000033e+01
-9.926984962189999351e+01 1.937325739379999945e+01
-9.926991794660000323e+01 1.937320317500000044e+01
-9.926997725809999906e+01 1.937313796529999976e+01
-9.927002689680000458e+01 1.937306970570000075e+01
-9.927007191200000591e+01 1.937299699509999940e+01
-9.927010557030000371e+01 1.937292128039999994e+01
-9.927014340249999691e+01 1.937281026000000139e+01
-9.927015757120000217e+01 1.937271516019999851e+01
-9.927016100970000423e+01 1.937262913160000011e+01
-9.927015664249999816e+01 1.937250337569999914e+01
-9.927013160180000284e+01 1.937235596180000030e+01
-9.927008373869999502e+01 1.937220387140000000e+01
-9.926977801380000699e+01 1.937144435609999960e+01
-9.926889461439999707e+01 1.937166748010000106e+01
-9.926837995219999300e+01 1.937180883619999960e+01
-9.926829571230000226e+01 1.937146279579999941e+01
-9.926825931850000018e+01 1.937123377760000054e+01
-9.926822779149999576e+01 1.937095384890000105e+01
-9.926824146580000274e+01 1.937069745359999828e+01
-9.926825146359999508e+01 1.937059045040000171e+01
-9.926827490120000164e+01 1.937042043639999989e+01
-9.926832523449999712e+01 1.937025201779999861e+01
-9.926839247450000414e+01 1.937005262310000120e+01
-9.926863238059999617e+01 1.936960781550000021e+01
-9.926894901279999317e+01 1.936924114480000014e+01
-9.926910864449999394e+01 1.936906384650000135e+01
-9.926901606949999746e+01 1.936896779290000126e+01
-9.926861836119999793e+01 1.936880611879999847e+01
-9.926843379340000695e+01 1.936871316719999925e+01
-9.926828188790000240e+01 1.936870086689999937e+01
-9.926815974509999307e+01 1.936871670200000040e+01
-9.926805742850000058e+01 1.936874190039999988e+01
-9.926791552340000635e+01 1.936878750789999870e+01
-9.926779016550000279e+01 1.936885657290000040e+01
-9.926749654939999346e+01 1.936908413080000102e+01
-9.926731516360000285e+01 1.936922671700000009e+01
-9.926719720180000195e+01 1.936934607210000081e+01
-9.926709929010000621e+01 1.936950604280000121e+01
-9.926686793700000067e+01 1.936989948760000146e+01
-9.926664655129999915e+01 1.937028973640000018e+01
-9.926644513169999584e+01 1.937063551279999984e+01
-9.926639534230000095e+01 1.937072083219999996e+01
-9.926629941410000413e+01 1.937101211150000069e+01
-9.926624548920000279e+01 1.937123893969999955e+01
-9.926622265880000384e+01 1.937137279799999945e+01
-9.926618021429999317e+01 1.937150006379999923e+01
-9.926607353919999355e+01 1.937162533109999885e+01
-9.926580371389999868e+01 1.937185814660000105e+01
-9.926558822830000395e+01 1.937201392880000128e+01
-9.926549195559999816e+01 1.937203716180000157e+01
-9.926540668730000050e+01 1.937201944179999913e+01
-9.926531470850000005e+01 1.937195974429999978e+01
-9.926507495040000606e+01 1.937174564060000037e+01
-9.926545061509999357e+01 1.937102656740000128e+01
-9.926580440210000233e+01 1.937020529289999971e+01
-9.926604696939999428e+01 1.936961817730000135e+01
-9.926635848819999808e+01 1.936886626109999909e+01
-9.926657606509999709e+01 1.936831870370000175e+01
-9.926665780140000095e+01 1.936806541529999848e+01
-9.926672311100000456e+01 1.936780870719999825e+01
-9.926677932670000359e+01 1.936751505770000037e+01
-9.926678903869999715e+01 1.936702769920000122e+01
-9.926676313709999988e+01 1.936681000309999945e+01
-9.926665747440000587e+01 1.936614884520000146e+01
-9.926660516079999752e+01 1.936579942290000034e+01
-9.926657406430000208e+01 1.936564851099999984e+01
-9.926653247710000016e+01 1.936553454330000079e+01
-9.926649155580000183e+01 1.936527971450000152e+01
-9.926646081020000167e+01 1.936501988519999884e+01
-9.926645288439999604e+01 1.936469008150000093e+01
-9.926647333370000581e+01 1.936439420669999834e+01
-9.926651587380000308e+01 1.936416532309999994e+01
-9.926657759479999754e+01 1.936396091789999829e+01
-9.926683311460000425e+01 1.936354527720000007e+01
-9.926591530279999631e+01 1.936319796749999966e+01
-9.926563874919999364e+01 1.936306690849999868e+01
-9.926534850619999872e+01 1.936292936079999905e+01
-9.926510479220000605e+01 1.936284245339999899e+01
-9.926484298180000110e+01 1.936276083499999956e+01
-9.926426478630000361e+01 1.936259922809999878e+01
-9.926374074470000153e+01 1.936245015169999917e+01
-9.926322463159999643e+01 1.936228399930000066e+01
-9.926282667559999595e+01 1.936213105099999865e+01
-9.926253763629999582e+01 1.936198980840000061e+01
-9.926224321540000517e+01 1.936181784149999885e+01
-9.926199564869999392e+01 1.936166779459999887e+01
-9.926185308150000708e+01 1.936156216439999866e+01
-9.926168222130000629e+01 1.936142958310000139e+01
-9.926143108290000328e+01 1.936121916489999961e+01
-9.926125984360000132e+01 1.936104440269999927e+01
-9.926113327490000415e+01 1.936082573750000080e+01
-9.926104706450000492e+01 1.936054314809999966e+01
-9.926091044929999896e+01 1.935983749780000096e+01
-9.926059403179999663e+01 1.935833261910000047e+01
-9.926031362390000368e+01 1.935697521830000056e+01
-9.926025171999999941e+01 1.935648857409999835e+01
-9.926015613680000627e+01 1.935587205819999923e+01
-9.926001619779999885e+01 1.935528522659999950e+01
-9.925984149759999298e+01 1.935420722459999965e+01
-9.925946573730000466e+01 1.935281776840000134e+01
-9.925940270739999960e+01 1.935247888680000017e+01
-9.925924858999999856e+01 1.935177454649999973e+01
-9.925923087719999671e+01 1.935151881570000043e+01
-9.925923739329999762e+01 1.935122081400000127e+01
-9.925926893669999629e+01 1.935092792200000034e+01
-9.925932475119999765e+01 1.935071657470000162e+01
-9.925938602109999920e+01 1.935050963569999993e+01
-9.925937692130000300e+01 1.935037197569999989e+01
-9.925934926819999760e+01 1.935024557270000045e+01
-9.925933078449999414e+01 1.935017467280000147e+01
-9.925930798599999605e+01 1.935012107169999851e+01
-9.925926697650000108e+01 1.935006462309999975e+01
-9.925922145069999658e+01 1.935002462779999988e+01
-9.925915319409999427e+01 1.934998466409999907e+01
-9.925908713600000510e+01 1.934996626890000115e+01
-9.925903841950000128e+01 1.934996222919999909e+01
-9.925841450629999940e+01 1.935007111619999876e+01
-9.925838259680000419e+01 1.935007398930000022e+01
-9.925835089599999606e+01 1.935006721819999953e+01
-9.925832342510000217e+01 1.935005560740000163e+01
-9.925828875240000571e+01 1.935002850860000123e+01
-9.925825909869999464e+01 1.934999460539999916e+01
-9.925822908210000151e+01 1.934994839100000164e+01
-9.925820740839999701e+01 1.934989357330000104e+01
-9.925820216249999817e+01 1.934984861210000062e+01
-9.925819867469999735e+01 1.934980428440000111e+01
-9.925820658050000134e+01 1.934975994150000034e+01
-9.925822587230000238e+01 1.934971017570000029e+01
-9.925827497020000578e+01 1.934964811700000098e+01
-9.925831649520000610e+01 1.934961188669999999e+01
-9.925862019059999852e+01 1.934943286669999907e+01
-9.925899212929999749e+01 1.934922737710000007e+01
-9.925922758929999645e+01 1.934906093860000098e+01
-9.925932600449999654e+01 1.934895373670000041e+01
-9.925941538189999847e+01 1.934884270839999942e+01
-9.925949756580000383e+01 1.934868727810000166e+01
-9.925956735890000004e+01 1.934856299449999995e+01
-9.925963844810000580e+01 1.934847371120000048e+01
-9.925971995570000672e+01 1.934838949710000122e+01
-9.925979832390000013e+01 1.934833286630000160e+01
-9.925989901980000241e+01 1.934829080800000156e+01
-9.925998941240000306e+01 1.934828128799999902e+01
-9.926021102629999859e+01 1.934827190509999895e+01
-9.926036118400000419e+01 1.934825586210000026e+01
-9.926057022649999340e+01 1.934820944630000028e+01
-9.926101837139999873e+01 1.934795293739999877e+01
-9.926107958779999763e+01 1.934789824119999935e+01
-9.926113190130000419e+01 1.934782993720000022e+01
-9.926112301099999513e+01 1.934777671639999852e+01
-9.926107344320000436e+01 1.934775173670000115e+01
-9.926101510620000568e+01 1.934774973220000049e+01
-9.926095679780000580e+01 1.934776547310000083e+01
-9.926084701269999755e+01 1.934785925350000113e+01
-9.926071769639999332e+01 1.934793932130000016e+01
-9.926057077180000476e+01 1.934801226220000103e+01
-9.926032813240000507e+01 1.934806603779999890e+01
-9.926018791719999967e+01 1.934806480980000032e+01
-9.926008633290000205e+01 1.934805266260000067e+01
-9.925981764600000190e+01 1.934797945420000076e+01
-9.925973143619999917e+01 1.934797192119999920e+01
-9.925967187770000066e+01 1.934797425600000054e+01
-9.925957261070000470e+01 1.934800737060000131e+01
-9.925927610990000005e+01 1.934812338269999898e+01
-9.925916033279999340e+01 1.934818238180000094e+01
-9.925907094720000146e+01 1.934821916019999932e+01
-9.925901299870000116e+01 1.934821056199999845e+01
-9.925897431580000330e+01 1.934817300139999929e+01
-9.925896915200000592e+01 1.934812092629999825e+01
-9.925899751410000249e+01 1.934805915720000158e+01
-9.925903174379999427e+01 1.934803290540000020e+01
-9.925943569429999513e+01 1.934787771930000133e+01
-9.925960577060000389e+01 1.934781922379999841e+01
-9.925972030779999500e+01 1.934779053600000154e+01
-9.925981906929999354e+01 1.934774828780000178e+01
-9.925989996410000060e+01 1.934767514400000010e+01
-9.925997405290000586e+01 1.934761829600000027e+01
-9.926020266919999813e+01 1.934753285809999923e+01
-9.926027786129999697e+01 1.934751783959999827e+01
-9.926034413630000586e+01 1.934752298649999958e+01
-9.926043165629999976e+01 1.934753650769999922e+01
-9.926057311869999467e+01 1.934752383420000044e+01
-9.926062706209999931e+01 1.934749763869999839e+01
-9.926066584800000214e+01 1.934746007880000107e+01
-9.926072485470000117e+01 1.934732515840000033e+01
-9.926077235530000564e+01 1.934725902799999986e+01
-9.926087412459999371e+01 1.934719236749999993e+01
-9.926100675070000534e+01 1.934719118390000148e+01
-9.926119334189999677e+01 1.934717808399999939e+01
-9.926125914019999641e+01 1.934712313280000018e+01
-9.926139087239999981e+01 1.934703907820000168e+01
-9.926146618260000309e+01 1.934703842820000119e+01
-9.926156569409999975e+01 1.934704894949999954e+01
-9.926162291929999526e+01 1.934705130689999919e+01
-9.926170116289999612e+01 1.934703917539999907e+01
-9.926189927849999606e+01 1.934696885110000153e+01
-9.926196236549999696e+01 1.934694535439999896e+01
-9.926204016009999975e+01 1.934689038659999838e+01
-9.926208471200000361e+01 1.934682706110000083e+01
-9.926215334389999612e+01 1.934675782749999939e+01
-9.926224313379999842e+01 1.934670266110000014e+01
-9.926234524699999895e+01 1.934667323340000067e+01
-9.926243254489999401e+01 1.934666669130000116e+01
-9.926251112369999419e+01 1.934668600859999898e+01
-9.926257151820000502e+01 1.934670553180000141e+01
-9.926263812359999861e+01 1.934673923549999941e+01
-9.926273525130000053e+01 1.934680705539999934e+01
-9.926282322989999329e+01 1.934686919589999832e+01
-9.926289266940000289e+01 1.934688852589999897e+01
-9.926297397739999440e+01 1.934688786599999943e+01
-9.926306092519999424e+01 1.934684128900000033e+01
-9.926314765029999876e+01 1.934677473949999893e+01
-9.926319536760000517e+01 1.934672577910000157e+01
-9.926324849610000456e+01 1.934660803690000108e+01
-9.926328060710000045e+01 1.934650478549999875e+01
-9.926329779229999417e+01 1.934641601399999900e+01
-9.926332084880000650e+01 1.934630717199999950e+01
-9.926335613809999359e+01 1.934622677990000028e+01
-9.926343075810000016e+01 1.934615175300000089e+01
-9.926350865950000468e+01 1.934610527919999967e+01
-9.926362570649999384e+01 1.934606706299999956e+01
-9.926374308050000650e+01 1.934605460270000066e+01
-9.926382437450000396e+01 1.934604535700000127e+01
-9.926391788280000128e+01 1.934605308409999935e+01
-9.926402610670000115e+01 1.934603494339999941e+01
-9.926408614209999826e+01 1.934600873839999835e+01
-9.926414585519999889e+01 1.934595957999999882e+01
-9.926416280409999615e+01 1.934584216089999842e+01
-9.926416776039999945e+01 1.934572774220000113e+01
-9.926417532860000392e+01 1.934557897759999889e+01
-9.926417408839999723e+01 1.934545887430000022e+01
-9.926419725309999365e+01 1.934535861679999869e+01
-9.926424192230000187e+01 1.934530957020000130e+01
-9.926430771850000667e+01 1.934525470930000068e+01
-9.926437670769999499e+01 1.934523120249999906e+01
-9.926446421779999696e+01 1.934523902820000174e+01
-9.926454576119999729e+01 1.934526683460000029e+01
-9.926464243889999750e+01 1.934529172739999936e+01
-9.926470882210000468e+01 1.934530545859999862e+01
-9.926477485469999351e+01 1.934527915449999824e+01
-9.926484347960000321e+01 1.934520702749999899e+01
-9.926487570700000163e+01 1.934511814409999886e+01
-9.926489559799999540e+01 1.934499493770000100e+01
-9.926488212910000186e+01 1.934484927629999973e+01
-9.926488167419999797e+01 1.934480345820000124e+01
-9.926489626199999350e+01 1.934475761799999916e+01
-9.926493797519999873e+01 1.934470577309999939e+01
-9.926497686919999808e+01 1.934467679750000002e+01
-9.926502481679999335e+01 1.934465350210000167e+01
-9.926508192309999856e+01 1.934464158069999939e+01
-9.926513313499999924e+01 1.934463545110000027e+01
-9.926521737560000247e+01 1.934462321810000063e+01
-9.926530445779999923e+01 1.934460248659999948e+01
-9.926540972969999643e+01 1.934458434869999977e+01
-9.926546671709999714e+01 1.934455814869999912e+01
-9.926556258949999290e+01 1.934449718750000002e+01
-9.926558767199999522e+01 1.934446443619999911e+01
-9.926563992600000574e+01 1.934439639989999904e+01
-9.926566898379999770e+01 1.934429035040000144e+01
-9.926576090359999682e+01 1.934414083020000064e+01
-9.926578182679999429e+01 1.934412643059999937e+01
-9.926587476970000523e+01 1.934407984290000115e+01
-9.926596195170000669e+01 1.934406191269999908e+01
-9.926604336309999610e+01 1.934406685449999941e+01
-9.926616096719999405e+01 1.934408014830000155e+01
-9.926626353279999648e+01 1.934409635580000142e+01
-9.926637818140000036e+01 1.934410685239999950e+01
-9.926652291979999632e+01 1.934411983500000076e+01
-9.926662232520000373e+01 1.934412466079999859e+01
-9.926677553000000387e+01 1.934407473110000097e+01
-9.926683512229999451e+01 1.934401129249999940e+01
-9.926693257969999706e+01 1.934381305300000164e+01
-9.926709899630000677e+01 1.934357422520000114e+01
-9.926734852219999539e+01 1.934321462750000009e+01
-9.926764485619999334e+01 1.934271723359999839e+01
-9.926798438020000503e+01 1.934231674500000153e+01
-9.926817794080000112e+01 1.934208628040000022e+01
-9.926823176240000635e+01 1.934204580489999969e+01
-9.926830356380000353e+01 1.934199653659999996e+01
-9.926834539310000594e+01 1.934195897020000032e+01
-9.926838112049999552e+01 1.934191580990000148e+01
-9.926841697090000594e+01 1.934188972959999830e+01
-9.926848006039999461e+01 1.934186912170000028e+01
-9.926854609560000142e+01 1.934184570820000104e+01
-9.926863949200000548e+01 1.934184484800000092e+01
-9.926872690070000260e+01 1.934184977989999865e+01
-9.926882946099999572e+01 1.934186318480000111e+01
-9.926893812420000529e+01 1.934188227330000132e+01
-9.926916167989999451e+01 1.934194601800000157e+01
-9.926934929499999782e+01 1.934203873439999910e+01
-9.926948768690000691e+01 1.934201467129999941e+01
-9.926983752220000667e+01 1.934175134939999907e+01
-9.926998052970000685e+01 1.934158132800000018e+01
-9.927036112269999535e+01 1.934138067820000018e+01
-9.927069637339999986e+01 1.934116608729999953e+01
-9.927143776970000033e+01 1.934089070370000130e+01
-9.927177074710000682e+01 1.934074190629999990e+01
-9.927208270229999698e+01 1.934060470700000067e+01
-9.927232886029999293e+01 1.934051956940000139e+01
-9.927249382259999777e+01 1.934044377129999859e+01
-9.927267043790000400e+01 1.934033352330000000e+01
-9.927284998029999485e+01 1.934020899189999909e+01
-9.927296089940000456e+01 1.934015369910000004e+01
-9.927312925489999884e+01 1.934011503849999869e+01
-9.927330643550000389e+01 1.934005910309999976e+01
-9.927360323599999958e+01 1.933991342899999921e+01
-9.927387583990000053e+01 1.933975947569999931e+01
-9.927421423449999338e+01 1.933955056750000168e+01
-9.927450844400000562e+01 1.933945071529999993e+01
-9.927502166070000555e+01 1.933925744769999966e+01
-9.927539341760000013e+01 1.933907397160000130e+01
-9.927598781140000028e+01 1.933886277579999913e+01
-9.927658173739999370e+01 1.933860015570000002e+01
-9.927731994639999868e+01 1.933831047429999828e+01
-9.927800625109999544e+01 1.933795552919999849e+01
-9.927849817940000321e+01 1.933773381729999841e+01
-9.927884395629999403e+01 1.933767346120000141e+01
-9.927920780700000591e+01 1.933760449240000057e+01
-9.927964788490000103e+01 1.933762912199999917e+01
-9.927986723099999722e+01 1.933757004319999950e+01
-9.928003749639999853e+01 1.933742554719999873e+01
-9.928031393960000628e+01 1.933735155890000001e+01
-9.928063913389999584e+01 1.933733723099999935e+01
-9.928095585730000039e+01 1.933738012270000084e+01
-9.928115624350000701e+01 1.933743407620000099e+01
-9.928116824100000315e+01 1.933732893279999843e+01
-9.928115986250000446e+01 1.933721226620000166e+01
-9.928112151969999388e+01 1.933709913490000076e+01
-9.928105877769999665e+01 1.933700650389999964e+01
-9.928096441629999447e+01 1.933692018629999865e+01
-9.928060918810000146e+01 1.933673274219999882e+01
-9.928021723439999846e+01 1.933652813009999960e+01
-9.928015750309999987e+01 1.933645526100000112e+01
-9.928010791740000229e+01 1.933636089939999891e+01
-9.928005422440000416e+01 1.933624795280000086e+01
-9.928003039799999385e+01 1.933609814200000088e+01
-9.928006196639999814e+01 1.933545448830000169e+01
-9.928009050400000035e+01 1.933535852609999850e+01
-9.928014038560000643e+01 1.933528681960000029e+01
-9.928021065650000310e+01 1.933523201059999863e+01
-9.928029826750000097e+01 1.933519905480000034e+01
-9.928038129239999421e+01 1.933518251679999977e+01
-9.928049778599999797e+01 1.933517577339999960e+01
-9.928065126299999577e+01 1.933521054590000077e+01
-9.928183705610000231e+01 1.933555369480000152e+01
-9.928196672990000593e+01 1.933560717860000011e+01
-9.928207551209999338e+01 1.933564906639999847e+01
-9.928222551109999472e+01 1.933571642969999971e+01
-9.928238251179999452e+01 1.933580027249999844e+01
-9.928302058920000661e+01 1.933623709429999948e+01
-9.928315608089999955e+01 1.933632740299999853e+01
-9.928329956509999477e+01 1.933641488339999981e+01
-9.928357467319999330e+01 1.933653100669999958e+01
-9.928381498059999899e+01 1.933660371990000115e+01
-9.928396024910000506e+01 1.933662495969999995e+01
-9.928433321740000395e+01 1.933667613309999922e+01
-9.928447773089999373e+01 1.933666469839999991e+01
-9.928460376900000028e+01 1.933664650569999921e+01
-9.928471395680000455e+01 1.933661474859999885e+01
-9.928484921579999423e+01 1.933653652910000176e+01
-9.928495155049999710e+01 1.933647205089999943e+01
-9.928505028399999333e+01 1.933637788569999927e+01
-9.928508626320000019e+01 1.933632180389999888e+01
-9.928512055970000461e+01 1.933626834669999894e+01
-9.928519236379999313e+01 1.933611370819999919e+01
-9.928598539639999387e+01 1.933424489769999965e+01
-9.928628900260000023e+01 1.933358459709999977e+01
-9.928653039389999435e+01 1.933311786439999835e+01
-9.928676751739999418e+01 1.933262970339999853e+01
-9.928693082380000590e+01 1.933232298160000084e+01
-9.928729702479999730e+01 1.933157922870000078e+01
-9.928743988930000341e+01 1.933129546380000008e+01
-9.928749770989999490e+01 1.933114925590000155e+01
-9.928751996309999583e+01 1.933103646400000031e+01
-9.928752344539999797e+01 1.933099108549999912e+01
-9.928752630889999864e+01 1.933095376609999860e+01
-9.928751630790000604e+01 1.933082078869999876e+01
-9.928747298560000445e+01 1.933066634440000087e+01
-9.928741253859999460e+01 1.933054766320000084e+01
-9.928733025520000410e+01 1.933043209999999945e+01
-9.928710543840000469e+01 1.933019994849999890e+01
-9.928678118480000592e+01 1.932985153559999958e+01
-9.928669857110000407e+01 1.932977083609999980e+01
-9.928677476180000383e+01 1.932973892120000059e+01
-9.928691004249999708e+01 1.932977553219999933e+01
-9.928710134569999468e+01 1.932985702110000048e+01
-9.928743248150000511e+01 1.933001212960000004e+01
-9.928787567320000562e+01 1.933022335609999942e+01
-9.928799091739999483e+01 1.933030055620000098e+01
-9.928807313400000112e+01 1.933038169450000154e+01
-9.928819782380000447e+01 1.933049085160000047e+01
-9.928832270220000566e+01 1.933066976099999934e+01
-9.928837158669999496e+01 1.933090798659999976e+01
-9.928839552110000000e+01 1.933113439679999956e+01
-9.928837061279999432e+01 1.933132229410000136e+01
-9.928828917670000465e+01 1.933157586700000152e+01
-9.928818660219999970e+01 1.933183089070000094e+01
-9.928809708500000397e+01 1.933201546540000137e+01
-9.928785893920000660e+01 1.933251062720000135e+01
-9.928768293080000262e+01 1.933295980260000135e+01
-9.928765771950000385e+01 1.933306334410000105e+01
-9.928765689749999979e+01 1.933315336640000126e+01
-9.928767084870000303e+01 1.933323066459999851e+01
-9.928769518379999681e+01 1.933330863489999984e+01
-9.928772962879999398e+01 1.933336644270000093e+01
-9.928777466459999346e+01 1.933341185069999923e+01
-9.928782803619999697e+01 1.933344796000000088e+01
-9.928789396669999689e+01 1.933347177459999955e+01
-9.928795991219999451e+01 1.933347811759999857e+01
-9.928807250379999516e+01 1.933345939630000032e+01
-9.928817143530000067e+01 1.933341553620000042e+01
-9.928825568899999610e+01 1.933336116579999953e+01
-9.928832321740000566e+01 1.933330404519999846e+01
-9.928855200659999980e+01 1.933308535100000114e+01
-9.928886645410000256e+01 1.933278477749999880e+01
-9.928945629189999522e+01 1.933209961489999884e+01
-9.928973663450000231e+01 1.933170502149999948e+01
-9.929014771549999807e+01 1.933079294470000065e+01
-9.929031783610000161e+01 1.933055677729999999e+01
-9.929082546169999546e+01 1.932985393270000074e+01
-9.929086449080000421e+01 1.932979988179999964e+01
-9.929117670899999837e+01 1.932935369349999988e+01
-9.929126433819999420e+01 1.932915726590000105e+01
-9.929132227809999733e+01 1.932899094280000085e+01
-9.929136657930000354e+01 1.932884041610000025e+01
-9.929138941680000130e+01 1.932867563359999963e+01
-9.929135953109999946e+01 1.932844733110000135e+01
-9.929126704230000655e+01 1.932818433010000092e+01
-9.929079894939999917e+01 1.932705967480000098e+01
-9.929077474230000178e+01 1.932695764010000161e+01
-9.929077646979999372e+01 1.932679150999999962e+01
-9.929078244100000461e+01 1.932664886859999953e+01
-9.929080881080000154e+01 1.932657753339999829e+01
-9.929092983770000558e+01 1.932634867330000006e+01
-9.929133843949999516e+01 1.932557600590000035e+01
-9.929137027289999651e+01 1.932552803349999948e+01
-9.929148700019999296e+01 1.932535212890000054e+01
-9.929158136489999720e+01 1.932518423599999835e+01
-9.929165405509999687e+01 1.932503495639999969e+01
-9.929171172469999362e+01 1.932486637390000084e+01
-9.929175229960000593e+01 1.932466290240000006e+01
-9.929176185410000244e+01 1.932447053219999944e+01
-9.929175386059999653e+01 1.932436043390000080e+01
-9.929174124749999919e+01 1.932420793249999846e+01
-9.929166956470000116e+01 1.932377739220000024e+01
-9.929161445969999988e+01 1.932346083630000066e+01
-9.929158386679999637e+01 1.932330098439999944e+01
-9.929153140760000440e+01 1.932299364980000078e+01
-9.929151405669999519e+01 1.932294080899999855e+01
-9.929148215200000038e+01 1.932284364379999886e+01
-9.929142541989999415e+01 1.932274039050000169e+01
-9.929136536119999334e+01 1.932267017219999872e+01
-9.929130217850000406e+01 1.932261641810000086e+01
-9.929116327949999743e+01 1.932252466690000148e+01
-9.929084125299999641e+01 1.932241365490000007e+01
-9.929067053629999862e+01 1.932231552209999847e+01
-9.929056376990000388e+01 1.932222460050000024e+01
-9.929049565709999570e+01 1.932213479340000006e+01
-9.929043683010000620e+01 1.932201058949999961e+01
-9.929042273769999838e+01 1.932189533980000107e+01
-9.929042860459999531e+01 1.932176168819999873e+01
-9.929045138440000073e+01 1.932166214049999908e+01
-9.929048422680000385e+01 1.932156928870000101e+01
-9.929057247519999407e+01 1.932145481830000122e+01
-9.929070303989999502e+01 1.932134951060000105e+01
-9.929075372539999478e+01 1.932132822310000009e+01
-9.929101651150000407e+01 1.932125393509999967e+01
-9.929142498230000058e+01 1.932116684969999909e+01
-9.929175875529999473e+01 1.932110306870000116e+01
-9.929197871920000296e+01 1.932106366020000010e+01
-9.929215989159999367e+01 1.932103324799999911e+01
-9.929238984280000579e+01 1.932097811570000090e+01
-9.929259312220000311e+01 1.932090372600000094e+01
-9.929280594940000526e+01 1.932079218490000017e+01
-9.929298708499999293e+01 1.932065891290000081e+01
-9.929314347780000105e+01 1.932053104759999940e+01
-9.929332248880000122e+01 1.932033995249999947e+01
-9.929343834239999467e+01 1.932016823420000051e+01
-9.929356379300000413e+01 1.931988000309999975e+01
-9.929361687910000001e+01 1.931956469740000060e+01
-9.929371758960000705e+01 1.931896845019999986e+01
-9.929375953759999618e+01 1.931883148600000055e+01
-9.929380714769999372e+01 1.931870739949999916e+01
-9.929389264729999809e+01 1.931850123550000120e+01
-9.929398977009999783e+01 1.931827673280000113e+01
-9.929418493740000429e+01 1.931783531860000025e+01
-9.929427226430000530e+01 1.931764021040000046e+01
-9.929437650619999545e+01 1.931741591040000117e+01
-9.929451850709999405e+01 1.931712872720000007e+01
-9.929457576389999929e+01 1.931700568959999842e+01
-9.929474039439999444e+01 1.931691434800000096e+01
-9.929477267320000067e+01 1.931691569539999875e+01
-9.929484629179999899e+01 1.931691876789999895e+01
-9.929492121660000237e+01 1.931694553810000059e+01
-9.929499342600000489e+01 1.931701674860000040e+01
-9.929516583619999892e+01 1.931730283430000128e+01
-9.929526757009999471e+01 1.931744968150000119e+01
-9.929535920969999552e+01 1.931753590239999951e+01
-9.929546755020000148e+01 1.931756370289999936e+01
-9.929557465000000605e+01 1.931755033350000161e+01
-9.929567178240000658e+01 1.931748136410000072e+01
-9.929591518520000193e+01 1.931730771670000024e+01
-9.929612481430000059e+01 1.931719838580000115e+01
-9.929634535889999825e+01 1.931717337059999906e+01
-9.929646134739999752e+01 1.931722939570000008e+01
-9.929651862379999727e+01 1.931729579259999952e+01
-9.929655436490000397e+01 1.931738063710000119e+01
-9.929654348420000076e+01 1.931746915309999935e+01
-9.929644389019999551e+01 1.931778787229999850e+01
-9.929639424219999455e+01 1.931799909709999952e+01
-9.929640142450000440e+01 1.931811147759999869e+01
-9.929642840809999882e+01 1.931822910960000073e+01
-9.929673969069999373e+01 1.931863406020000085e+01
-9.929688380579999318e+01 1.931875827149999836e+01
-9.929709847329999661e+01 1.931885057099999869e+01
-9.929733622249999314e+01 1.931891289129999834e+01
-9.929753557979999812e+01 1.931894689070000126e+01
-9.929770939770000382e+01 1.931898742939999991e+01
-9.929797256940000239e+01 1.931909683090000129e+01
-9.929815910950000557e+01 1.931918547000000075e+01
-9.929827687259999891e+01 1.931930926209999910e+01
-9.929840424539999333e+01 1.931944023080000150e+01
-9.929857069450000040e+01 1.931968743559999879e+01
-9.929869184179999309e+01 1.931993950849999919e+01
-9.929881197349999411e+01 1.932047160309999967e+01
-9.929884887689999573e+01 1.932067735149999876e+01
-9.929899543790000394e+01 1.932106039339999981e+01
-9.929907845709999492e+01 1.932118742009999934e+01
-9.929931516819999615e+01 1.932128427410000171e+01
-9.929961493220000079e+01 1.932150711119999897e+01
-9.929974186990000362e+01 1.932174386790000042e+01
-9.929980820100000471e+01 1.932189732919999869e+01
-9.930004282299999829e+01 1.932217550649999893e+01
-9.930010582110000428e+01 1.932225489409999852e+01
-9.930016780840000479e+01 1.932230099139999879e+01
-9.930021606920000465e+01 1.932232471840000088e+01
-9.930034528630000068e+01 1.932233914540000086e+01
-9.930040925870000024e+01 1.932232763829999911e+01
-9.930046630389999507e+01 1.932230410269999865e+01
-9.930052944429999684e+01 1.932225407509999826e+01
-9.930056284510000353e+01 1.932218947209999982e+01
-9.930057147940000561e+01 1.932212985110000147e+01
-9.930057164459999797e+01 1.932203016149999897e+01
-9.930056233569999335e+01 1.932191081870000104e+01
-9.930054802019999727e+01 1.932178131119999875e+01
-9.930050021450000486e+01 1.932163909930000045e+01
-9.930049992230000555e+01 1.932147945690000057e+01
-9.930055954530000406e+01 1.932132031349999934e+01
-9.930058715910000444e+01 1.932114126280000121e+01
-9.930062909430000673e+01 1.932091866129999858e+01
-9.930059421190000535e+01 1.932060993360000012e+01
-9.930059721669999817e+01 1.932044919959999874e+01
-9.930066843170000368e+01 1.932021301960000059e+01
-9.930073123059999318e+01 1.932013496349999926e+01
-9.930079779519999761e+01 1.932003319340000047e+01
-9.930084728890000179e+01 1.931991584940000095e+01
-9.930098828600000616e+01 1.931978965189999897e+01
-9.930105438549999519e+01 1.931966034030000046e+01
-9.930110981640000034e+01 1.931944795220000088e+01
-9.930110306139999921e+01 1.931923856830000119e+01
-9.930113771770000142e+01 1.931907211469999908e+01
-9.930117323810000585e+01 1.931897380919999918e+01
-9.930118910609999716e+01 1.931886537260000125e+01
-9.930124952869999788e+01 1.931871620849999971e+01
-9.930134359870000083e+01 1.931861929060000094e+01
-9.930150776829999870e+01 1.931861529860000104e+01
-9.930161065270000620e+01 1.931861011189999999e+01
-9.930169045670000116e+01 1.931859479359999909e+01
-9.930174377420000553e+01 1.931854380840000118e+01
-9.930177561109999829e+01 1.931849158220000007e+01
-9.930179498030000218e+01 1.931841242300000161e+01
-9.930180542719999437e+01 1.931830463889999905e+01
-9.930178936209999563e+01 1.931825080409999984e+01
-9.930175897360000192e+01 1.931819494040000151e+01
-9.930137663790000602e+01 1.931786693360000129e+01
-9.930132223139999326e+01 1.931780800960000022e+01
-9.930125882330000309e+01 1.931771263910000158e+01
-9.930119039779999923e+01 1.931746500290000057e+01
-9.930115482019999718e+01 1.931717524240000117e+01
-9.930113456479999456e+01 1.931705174440000050e+01
-9.930113800169999649e+01 1.931690735400000136e+01
-9.930073443729999383e+01 1.931607445559999903e+01
-9.930062749229999497e+01 1.931559824420000027e+01
-9.930043806739999468e+01 1.931508304660000164e+01
-9.930023090100000616e+01 1.931458485739999986e+01
-9.930010276439999473e+01 1.931435664190000168e+01
-9.930003685180000161e+01 1.931397281299999946e+01
-9.930004688079999653e+01 1.931375256970000009e+01
-9.930007598980000694e+01 1.931354692229999870e+01
-9.930014063000000135e+01 1.931334315770000032e+01
-9.930032083550000266e+01 1.931286921310000082e+01
-9.930047175609999499e+01 1.931249358590000043e+01
-9.930049018169999897e+01 1.931245310230000101e+01
-9.930053803110000388e+01 1.931242689109999944e+01
-9.930091518499999381e+01 1.931231932320000055e+01
-9.930097558360000676e+01 1.931229596369999868e+01
-9.930102976749999755e+01 1.931226933190000139e+01
-9.930109009580000645e+01 1.931220725289999862e+01
-9.930111443360000578e+01 1.931210797379999988e+01
-9.930117284909999853e+01 1.931190128100000081e+01
-9.930126623350000159e+01 1.931135630920000068e+01
-9.930125547010000275e+01 1.931100425039999990e+01
-9.930125809999999831e+01 1.930967417929999996e+01
-9.930126525279999328e+01 1.930957561989999860e+01
-9.930129000770000403e+01 1.930950947790000072e+01
-9.930132960509999407e+01 1.930945826550000177e+01
-9.930139509389999830e+01 1.930943821600000021e+01
-9.930145528980000336e+01 1.930943811630000084e+01
-9.930148210650000351e+01 1.930944604580000146e+01
-9.930161421750000272e+01 1.930948228300000125e+01
-9.930171210170000506e+01 1.930951182729999971e+01
-9.930202068869999721e+01 1.930988291750000130e+01
-9.930256903919999445e+01 1.931057714090000133e+01
-9.930276708680000297e+01 1.931078286159999990e+01
-9.930302472479999665e+01 1.931104175180000126e+01
-9.930305887069999926e+01 1.931107471360000005e+01
-9.930309877829999721e+01 1.931110538640000129e+01
-9.930312123900000643e+01 1.931112309010000061e+01
-9.930315737979999824e+01 1.931113835360000053e+01
-9.930321220640000490e+01 1.931115126050000086e+01
-9.930325947170000234e+01 1.931115236719999828e+01
-9.930330177800000513e+01 1.931114404299999876e+01
-9.930336284640000599e+01 1.931110599670000028e+01
-9.930341877290000241e+01 1.931106307909999842e+01
-9.930345239439999716e+01 1.931101718920000110e+01
-9.930366155929999650e+01 1.931062070409999976e+01
-9.930395694899999626e+01 1.931001738870000040e+01
-9.930429084349999869e+01 1.930942112800000032e+01
-9.930438532670000029e+01 1.930939574070000120e+01
-9.930446209219999787e+01 1.930937318570000016e+01
-9.930451526570000453e+01 1.930931092269999994e+01
-9.930471570279999582e+01 1.930920514829999846e+01
-9.930482239410000034e+01 1.930920296669999914e+01
-9.930486286929999551e+01 1.930919801889999832e+01
-9.930491388139999742e+01 1.930917025109999940e+01
-9.930495747259999462e+01 1.930913747809999848e+01
-9.930502867340000250e+01 1.930906352250000069e+01
-9.930506817840000622e+01 1.930897967809999827e+01
-9.930539676489999579e+01 1.930824422739999946e+01
-9.930560506339999449e+01 1.930779442860000117e+01
-9.930576027920000115e+01 1.930745212149999901e+01
-9.930578761350000150e+01 1.930739926320000066e+01
-9.930584923710000567e+01 1.930732035260000146e+01
-9.930590770359999908e+01 1.930724714719999824e+01
-9.930596477960000357e+01 1.930720919639999877e+01
-9.930602980659999446e+01 1.930718572279999989e+01
-9.930608571899999504e+01 1.930717151400000020e+01
-9.930613352769999835e+01 1.930716934679999852e+01
-9.930618894799999907e+01 1.930717711060000141e+01
-9.930624348850000160e+01 1.930718786679999965e+01
-9.930630771030000403e+01 1.930720528279999826e+01
-9.930637284450000379e+01 1.930723938619999913e+01
-9.930642322660000332e+01 1.930728600540000173e+01
-9.930696225730000037e+01 1.930793758989999986e+01
-9.930702009329999669e+01 1.930796832209999891e+01
-9.930710558239999841e+01 1.930798076589999823e+01
-9.930718145279999476e+01 1.930796577079999921e+01
-9.930725426380000442e+01 1.930795312669999930e+01
-9.930731119109999838e+01 1.930791719049999955e+01
-9.930735902280000005e+01 1.930787116730000008e+01
-9.930739382000000148e+01 1.930782343490000130e+01
-9.930739137010000661e+01 1.930688852740000172e+01
-9.930755870609999647e+01 1.930649620140000167e+01
-9.930775025990000415e+01 1.930593879630000131e+01
-9.930784661600000618e+01 1.930574734989999897e+01
-9.930797935329999859e+01 1.930556512300000094e+01
-9.930816336190000015e+01 1.930543780420000033e+01
-9.930836791190000667e+01 1.930530692820000027e+01
-9.930862750929999549e+01 1.930515671759999918e+01
-9.930879198760000293e+01 1.930509614769999871e+01
-9.930888870850000671e+01 1.930508558609999881e+01
-9.930896124839999572e+01 1.930508546329999930e+01
-9.930904041210000344e+01 1.930510407299999898e+01
-9.930912398179999911e+01 1.930514151170000048e+01
-9.930920765499999447e+01 1.930519974579999953e+01
-9.930929350089999730e+01 1.930526846600000113e+01
-9.930937060739999822e+01 1.930537259160000119e+01
-9.930941935869999782e+01 1.930545669780000040e+01
-9.930944152070000541e+01 1.930551800110000116e+01
-9.930944414680000421e+01 1.930560063509999935e+01
-9.930935856070000511e+01 1.930586961839999915e+01
-9.930933221360000118e+01 1.930618744879999937e+01
-9.930935586469999521e+01 1.930648327709999990e+01
-9.930942185690000201e+01 1.930677903429999986e+01
-9.930950687440000024e+01 1.930695787260000174e+01
-9.931010908320000397e+01 1.930755032549999939e+01
-9.931015382430000216e+01 1.930757851730000141e+01
-9.931021494300000541e+01 1.930758044470000101e+01
-9.931027663429999564e+01 1.930756155150000097e+01
-9.931032899039999506e+01 1.930753383029999881e+01
-9.931036974120000593e+01 1.930749962719999857e+01
-9.931041699409999524e+01 1.930745603280000111e+01
-9.931046565610000698e+01 1.930737593730000157e+01
-9.931063337700000204e+01 1.930689041850000010e+01
-9.931068601500000170e+01 1.930680985020000051e+01
-9.931074876200000290e+01 1.930676063330000147e+01
-9.931080600730000185e+01 1.930673422670000150e+01
-9.931088365390000661e+01 1.930674461879999981e+01
-9.931097246539999901e+01 1.930679533169999829e+01
-9.931120397930000365e+01 1.930687620930000037e+01
-9.931133193639999490e+01 1.930690359080000107e+01
-9.931141196149999928e+01 1.930689793009999988e+01
-9.931157186069999909e+01 1.930680513289999922e+01
-9.931178726900000697e+01 1.930656441400000034e+01
-9.931193102570000519e+01 1.930639616410000059e+01
-9.931205443039999636e+01 1.930596168019999936e+01
-9.931222881089999532e+01 1.930555092759999880e+01
-9.931228086410000344e+01 1.930522963139999959e+01
-9.931214020209999660e+01 1.930492686090000021e+01
-9.931202725519999319e+01 1.930455317339999866e+01
-9.931197272800000064e+01 1.930433935130000123e+01
-9.931209508729999413e+01 1.930416881369999871e+01
-9.931228041769999493e+01 1.930416847580000095e+01
-9.931287671639999814e+01 1.930417836270000009e+01
-9.931309512590000566e+01 1.930408867099999881e+01
-9.931326486860000102e+01 1.930393258859999861e+01
-9.931360436229999777e+01 1.930359255759999826e+01
-9.931388465220000228e+01 1.930306846659999920e+01
-9.931391538299999411e+01 1.930252292480000165e+01
-9.931387214800000152e+01 1.930194339799999881e+01
-9.931391690920000315e+01 1.930158925790000168e+01
-9.931398887379999962e+01 1.930144058000000129e+01
-9.931414127959999405e+01 1.930137937139999948e+01
-9.931441020110000295e+01 1.930137890829999847e+01
-9.931469068929999366e+01 1.930145271689999831e+01
-9.931479763919999471e+01 1.930142848470000061e+01
-9.931514315680000493e+01 1.930128608200000073e+01
-9.931543551069999864e+01 1.930088102579999898e+01
-9.931577475849999814e+01 1.930053276470000156e+01
-9.931610518179999758e+01 1.930025826760000029e+01
-9.931640808369999718e+01 1.930005442530000082e+01
-9.931643711949999442e+01 1.929999721060000084e+01
-9.931643703470000162e+01 1.929995295310000003e+01
-9.931639996520000579e+01 1.929987556709999907e+01
-9.931628878200000088e+01 1.929973102290000142e+01
-9.931614930109999761e+01 1.929959478600000011e+01
-9.931594703429999527e+01 1.929937608070000010e+01
-9.931589336230000242e+01 1.929917351399999959e+01
-9.931593663149999429e+01 1.929898483550000066e+01
-9.931601275970000131e+01 1.929881054610000035e+01
-9.931611029699999449e+01 1.929863621859999867e+01
-9.931623332060000564e+01 1.929834082520000038e+01
-9.931623369579999405e+01 1.929811342649999872e+01
-9.931635919740000418e+01 1.929774930239999975e+01
-9.931646403240000609e+01 1.929741869300000090e+01
-9.931677180399999827e+01 1.929701639370000166e+01
-9.931695263369999793e+01 1.929647525780000095e+01
-9.931716017520000150e+01 1.929581649769999885e+01
-9.931715410319999648e+01 1.929508649690000155e+01
-9.931695474910000598e+01 1.929464725909999956e+01
-9.931710904819999541e+01 1.929425230900000088e+01
-9.931702446319999922e+01 1.929396967559999965e+01
-9.931706967309999357e+01 1.929364331109999853e+01
-9.931712269349999644e+01 1.929340394249999946e+01
-9.931710685589999343e+01 1.929311393880000125e+01
-9.931704475879999450e+01 1.929260649120000082e+01
-9.931696017500000551e+01 1.929232385739999955e+01
-9.931668104749999770e+01 1.929171445549999930e+01
-9.931655752129999826e+01 1.929087774199999927e+01
-9.931614235259999646e+01 1.929031002889999868e+01
-9.931573505910000677e+01 1.928990306720000092e+01
-9.931604031269999666e+01 1.928869881840000033e+01
-9.931619814789999623e+01 1.928769925290000131e+01
-9.931658005500000286e+01 1.928718211469999844e+01
-9.931667385720000141e+01 1.928613638459999891e+01
-9.931624959399999852e+01 1.928439628830000174e+01
-9.931581736219999357e+01 1.928371004450000115e+01
-9.931573195869999893e+01 1.928289192189999923e+01
-9.931572929200000033e+01 1.928219932480000054e+01
-9.931613130290000413e+01 1.928078464680000081e+01
-9.931627149499999518e+01 1.927976801950000052e+01
-9.931670159579999790e+01 1.927930509939999837e+01
-9.931692114419999484e+01 1.927824653620000106e+01
-9.931684856440000431e+01 1.927766050489999827e+01
-9.931715528460000542e+01 1.927704624640000119e+01
-9.931711876309999809e+01 1.927617130399999823e+01
-9.931718900190000454e+01 1.927567366110000080e+01
-9.931738358629999652e+01 1.927487070460000140e+01
-9.931778973309999969e+01 1.927433584970000169e+01
-9.931878457119999837e+01 1.927322493129999970e+01
-9.932364317009999866e+01 1.926508666499999833e+01
-9.932367796149999606e+01 1.926427442470000173e+01
-9.932352026280000246e+01 1.925139129949999983e+01
-9.932351965729999677e+01 1.925074287099999992e+01
-9.932422826869999710e+01 1.923833787919999949e+01
-9.932435593709999466e+01 1.923430699929999932e+01
-9.932432029139999941e+01 1.923260979390000003e+01
-9.932671959660000027e+01 1.923256557010000023e+01
-9.933047403809999309e+01 1.923748048259999877e+01
-9.933082148180000104e+01 1.923793529809999825e+01
-9.933577199830000382e+01 1.923932708370000100e+01
-9.934234097290000420e+01 1.924112239959999826e+01
-9.934206867380000006e+01 1.924753919959999848e+01
-9.934131687389999854e+01 1.925214948050000174e+01
-9.933985723770000220e+01 1.925965291300000004e+01
-9.933762984029999643e+01 1.926403996890000059e+01
-9.933915989630000354e+01 1.926769714630000152e+01
-9.934093899050000687e+01 1.926779779989999852e+01
-9.934155200649999529e+01 1.926809431799999928e+01
-9.934191065090000450e+01 1.926817868750000073e+01
-9.934225442470000189e+01 1.926829143570000014e+01
-9.934277758010000525e+01 1.926847470779999938e+01
-9.934305966280000177e+01 1.926854766179999956e+01
-9.934349119809999706e+01 1.926887226559999888e+01
-9.934370851750000497e+01 1.926896199240000129e+01
-9.934407520710000483e+01 1.926911581879999957e+01
-9.934468659930000456e+01 1.926947522360000065e+01
-9.934512838189999684e+01 1.926999220229999921e+01
-9.934552450190000172e+01 1.927043741510000174e+01
-9.934584570709999696e+01 1.927080675019999845e+01
-9.934615113709999434e+01 1.927130786589999900e+01
-9.934629681949999735e+01 1.927202212890000155e+01
-9.934647899290000339e+01 1.927222940380000082e+01
-9.934751250280000079e+01 1.927302672520000115e+01
-9.934821370609999747e+01 1.927396094639999902e+01
-9.935612840560000336e+01 1.927498935359999876e+01
-9.936192190789999756e+01 1.927574186760000075e+01
-9.936492420390000291e+01 1.927776925299999888e+01
-9.935358134759999871e+01 1.929193430970000023e+01
-9.935453602649999993e+01 1.929328801619999822e+01
-9.935371582969999338e+01 1.929336191530000022e+01
-9.935347160429999747e+01 1.929338391960000010e+01
-9.935327671039999586e+01 1.929347684149999864e+01
-9.935299836279999397e+01 1.929364926259999891e+01
-9.935241381929999704e+01 1.929399413699999855e+01
-9.935195427399999346e+01 1.929414045109999876e+01
-9.935149208890000239e+01 1.929415237990000165e+01
-9.935125585539999804e+01 1.929496616049999957e+01
-9.935292381870000611e+01 1.929604739979999906e+01
-9.935349778869999682e+01 1.929740184179999929e+01
-9.934998525640000366e+01 1.929683718980000151e+01
-9.935627424129999952e+01 1.930201452380000049e+01
-9.935636862990000395e+01 1.930333341980000128e+01
-9.935660783939999874e+01 1.930667579520000032e+01
-9.933384207100000651e+01 1.933059040590000066e+01
-9.933342786590000628e+01 1.933137111379999951e+01
-9.933279482490000589e+01 1.933241566799999944e+01
-9.933230695109999431e+01 1.933351810710000152e+01
-9.933191495200000531e+01 1.933495424039999833e+01
-9.933182058340000253e+01 1.933553721350000032e+01
-9.933164333620000264e+01 1.933663215489999843e+01
-9.933168823500000144e+01 1.933779354369999837e+01
-9.933159182849999524e+01 1.933810908959999963e+01
-9.933146479590000411e+01 1.933842658160000028e+01
-9.933119037779999871e+01 1.933879221000000115e+01
-9.933119164629999887e+01 1.933942790569999914e+01
-9.933115194629999678e+01 1.933977562620000157e+01
-9.933066637349999439e+01 1.934006321780000093e+01
-9.933033049239999457e+01 1.934098722779999946e+01
-9.933020057790000124e+01 1.934112407490000152e+01
-9.932972743679999894e+01 1.934162246169999833e+01
-9.932948778819999802e+01 1.934226971400000039e+01
-9.932916135119999979e+01 1.934291730860000058e+01
-9.932902794780000022e+01 1.934337925139999825e+01
-9.932893723630000693e+01 1.934361561760000114e+01
-9.932875427170000648e+01 1.934385687110000163e+01
-9.932870689400000686e+01 1.934425095770000169e+01
-9.932847986980000599e+01 1.934471712770000096e+01
-9.932827225849999309e+01 1.934520243469999912e+01
-9.932888133030000688e+01 1.934562435200000152e+01
-9.932879824329999963e+01 1.934603845139999834e+01
-9.932844729260000349e+01 1.934681922540000087e+01
-9.932853105099999880e+01 1.934760882670000015e+01
-9.932869653890000450e+01 1.934789663809999993e+01
-9.932862065250000683e+01 1.934830747250000016e+01
-9.932858517200000392e+01 1.934849955960000045e+01
-9.932845778639999423e+01 1.934890368650000170e+01
-9.932839341090000573e+01 1.934913881619999998e+01
-9.932832687520000547e+01 1.934948734290000161e+01
-9.932842211050000003e+01 1.934970641700000016e+01
-9.932863601889999927e+01 1.934996534600000118e+01
-9.932885155809999844e+01 1.935035622290000035e+01
-9.932875675309999508e+01 1.935064322759999911e+01
-9.932871757419999881e+01 1.935100759319999852e+01
-9.932864611210000305e+01 1.935138153999999844e+01
-9.932882422410000345e+01 1.935210465409999969e+01
-9.932867407560000572e+01 1.935268000299999969e+01
-9.932848441839999509e+01 1.935309238529999831e+01
-9.932804120590000707e+01 1.935335836329999992e+01
-9.932770465059999765e+01 1.935363633680000106e+01
-9.932766804669999772e+01 1.935404338680000080e+01
-9.932743134099999338e+01 1.935413367669999829e+01
-9.932673094289999938e+01 1.935382231579999868e+01
-9.932639199540000163e+01 1.935367163509999955e+01
-9.932584664629999338e+01 1.935459305010000008e+01
-9.932571207280000181e+01 1.935500116149999883e+01
-9.932552773509999611e+01 1.935525816430000035e+01
-9.932530083289999823e+01 1.935553446609999995e+01
-9.932505467769999541e+01 1.935572035699999915e+01
-9.932503858120000473e+01 1.935602512699999878e+01
-9.932467633999999634e+01 1.935641596190000158e+01
-9.932414569499999857e+01 1.935733503490000018e+01
-9.932376351870000519e+01 1.935795258450000134e+01
-9.932328580950000685e+01 1.935833766229999853e+01
-9.932282866379999575e+01 1.935849914980000008e+01
-9.932221908809999888e+01 1.935866090460000066e+01
-9.932204208199999584e+01 1.935862028780000088e+01
-9.932155502860000240e+01 1.935850852289999935e+01
-9.932075227549999852e+01 1.935819870990000169e+01
-9.932043777760000580e+01 1.935796251140000024e+01
-9.932014363950000302e+01 1.935774160120000076e+01
-9.932010827880000647e+01 1.935771504339999893e+01
-9.931915220790000376e+01 1.935762814930000175e+01
-9.931876487430000111e+01 1.935784508729999942e+01
-9.931854487260000042e+01 1.935799485080000082e+01
-9.931813401979999867e+01 1.935815641350000149e+01
-9.931849158160000002e+01 1.935847529289999969e+01
-9.932069894910000585e+01 1.936044380050000058e+01
-9.931954278839999972e+01 1.936361804379999896e+01
-9.931811824819999401e+01 1.936415646829999915e+01
-9.931804949809999528e+01 1.936482089280000096e+01
-9.931760762909999585e+01 1.936572953010000120e+01
-9.931686155929999416e+01 1.936630652570000066e+01
-9.931538975349999987e+01 1.936588835799999941e+01
-9.931452837880000573e+01 1.936724056959999984e+01
-9.931406360340000106e+01 1.936839280339999902e+01
-9.931380844299999922e+01 1.936930111110000041e+01
-9.931308764089999386e+01 1.937044874340000078e+01
-9.931070688719999850e+01 1.937040765529999931e+01
-9.930977748949999295e+01 1.937117481619999992e+01
-9.930928075760000695e+01 1.937158483230000172e+01
-9.930776485650000041e+01 1.937156117319999993e+01
-9.930612692649999929e+01 1.937359993220000121e+01
-9.930500525840000137e+01 1.937683343380000167e+01
-9.930348342259999583e+01 1.937783002720000169e+01
-9.930155671270000539e+01 1.937716881989999962e+01
-9.930130904540000358e+01 1.937708382350000136e+01
-9.930185005209999360e+01 1.937594327240000069e+01
-9.930193844779999779e+01 1.937575691480000017e+01
-9.930155717389999381e+01 1.937492434199999991e+01
-9.930135739440000009e+01 1.937383525739999968e+01
-9.930125889720000032e+01 1.937302025250000170e+01
-9.930115040840000518e+01 1.937223309479999855e+01
-9.930099658080000324e+01 1.937194308710000001e+01
-9.930096314130000223e+01 1.937176924639999953e+01
-9.930094419739999978e+01 1.937122228089999965e+01
-9.930088666640000383e+01 1.937061807999999985e+01
-9.930099621189999937e+01 1.937010168460000159e+01
-9.930123157670000467e+01 1.936970044299999927e+01
-9.930058228139999699e+01 1.936905896940000105e+01
-9.930041744679999738e+01 1.936889612130000060e+01
-9.930041629790000002e+01 1.936889498629999906e+01
-9.930041514799999902e+01 1.936889385030000099e+01
-9.929968296730000077e+01 1.936817048019999987e+01
-9.929901977950000003e+01 1.936751526249999955e+01
-9.929871678770000187e+01 1.936830173279999912e+01
-9.929862420409999402e+01 1.936849399769999991e+01
-9.929843843860000163e+01 1.936887976459999905e+01
-9.929826842600000703e+01 1.936907163360000084e+01
-9.929816651170000341e+01 1.936918664919999955e+01
-9.929791713810000431e+01 1.936932495239999952e+01
-9.929747257210000555e+01 1.936941399490000038e+01
-9.929694733940000617e+01 1.936931036300000031e+01
-9.929655716189999737e+01 1.936923337669999867e+01
-9.929623839229999760e+01 1.936918207500000122e+01
-9.929576192380000066e+01 1.936910539189999980e+01
-9.929558729320000054e+01 1.936907728599999956e+01
-9.929531295069999430e+01 1.936937757669999982e+01
-9.929507717170000092e+01 1.936958513049999908e+01
-9.929494591079999566e+01 1.936971308429999894e+01
-9.929477133749999496e+01 1.936986467859999905e+01
-9.929444780080000044e+01 1.936992437290000169e+01
-9.929414051770000071e+01 1.937004701220000058e+01
-9.929407963239999901e+01 1.937007131189999853e+01
-9.929388936409999644e+01 1.937014724959999867e+01
-9.929375795640000035e+01 1.937044119429999967e+01
-9.929364751820000379e+01 1.937068823019999897e+01
-9.929341569839999693e+01 1.937120678220000158e+01
-9.929323322119999773e+01 1.937191737539999892e+01
-9.929315543209999362e+01 1.937202207010000166e+01
-9.929296242549999363e+01 1.937228183290000061e+01
-9.929292166769999994e+01 1.937233668709999890e+01
-9.929261201949999815e+01 1.937266012890000155e+01
-9.929229927229999930e+01 1.937301031479999835e+01
-9.929223777079999991e+01 1.937307917900000120e+01
-9.929205520450000222e+01 1.937328359880000050e+01
-9.929183083959999578e+01 1.937339676430000068e+01
-9.929164325080000708e+01 1.937349137989999903e+01
-9.929117572469999686e+01 1.937348720729999840e+01
-9.929113685490000307e+01 1.937384107109999931e+01
-9.929106962219999843e+01 1.937402091779999935e+01
-9.929076928359999954e+01 1.937431729849999940e+01
-9.929061394400000040e+01 1.937502253979999978e+01
-9.929012580789999731e+01 1.937500846580000058e+01
-9.929002624400000343e+01 1.937500559469999928e+01
-9.928979757109999582e+01 1.937499900070000081e+01
-9.928971537239999634e+01 1.937499663030000008e+01
-9.928957220159999508e+01 1.937518983800000072e+01
-9.928927069610000444e+01 1.937516538839999924e+01
-9.928894667699999843e+01 1.937513911170000114e+01
-9.928876896570000099e+01 1.937512470009999888e+01
-9.928864450540000064e+01 1.937511460720000045e+01
-9.928828266700000427e+01 1.937552713830000073e+01
-9.928810736219999455e+01 1.937572700160000139e+01
-9.928805248209999945e+01 1.937578956970000021e+01
-9.928784625430000688e+01 1.937626824570000039e+01
-9.928780825949999667e+01 1.937635643730000012e+01
-9.928766792189999535e+01 1.937668217119999881e+01
-9.928690931760000637e+01 1.937650212719999843e+01
-9.928639617429999475e+01 1.937643354969999976e+01
-9.928622310560000130e+01 1.937643044160000017e+01
-9.928613483549999330e+01 1.937643189719999981e+01
-9.928569702859999779e+01 1.937643911680000031e+01
-9.928570788090000576e+01 1.937724652030000172e+01
-9.928566863129999831e+01 1.937763110770000097e+01
-9.928507189610000694e+01 1.937799917770000135e+01
-9.928511086480000358e+01 1.937886905190000064e+01
-9.928504402439999410e+01 1.937905086510000174e+01
-9.928484570930000075e+01 1.937911138890000018e+01
-9.928467642879999744e+01 1.937934979770000155e+01
-9.928467641780000008e+01 1.937934982379999838e+01
-9.928456870230000675e+01 1.937968828249999831e+01
-9.928446052399999644e+01 1.937976094289999907e+01
-9.928423120099999721e+01 1.937979151060000049e+01
-9.928381129100000635e+01 1.937966797010000164e+01
-9.928377111550000222e+01 1.937997794980000066e+01
-9.928329782529999648e+01 1.938044027660000168e+01
-9.928283047390000604e+01 1.938140400380000017e+01
-9.928266487390000350e+01 1.938141530109999877e+01
-9.928184717119999902e+01 1.938147107989999895e+01
-9.928177288839999903e+01 1.938147614640000072e+01
-9.928052873900000463e+01 1.938204321930000162e+01
-9.928018742890000681e+01 1.938219878310000155e+01
-9.928003512319999402e+01 1.938226820070000045e+01
-9.927952210280000145e+01 1.938280735720000081e+01
-9.927912108980000028e+01 1.938322879489999906e+01
-9.927871521020000500e+01 1.938353912950000080e+01
-9.927604302180000673e+01 1.938558221779999968e+01
-9.927606936889999645e+01 1.938519211630000072e+01
-9.927368510259999823e+01 1.938703672089999941e+01
-9.927360281580000390e+01 1.938723994329999911e+01
-9.927321497009999973e+01 1.938758686539999943e+01
-9.927300246549999940e+01 1.938835204760000153e+01
-9.927297467859999358e+01 1.938854974110000029e+01
-9.927290613339999936e+01 1.938902170209999909e+01
-9.927277576330000386e+01 1.938937994830000022e+01
-9.927243249900000421e+01 1.938967841310000040e+01
-9.927183708760000513e+01 1.938973621219999899e+01
-9.927104049769999961e+01 1.938993096049999920e+01
-9.927029318079999598e+01 1.939009618949999947e+01
-9.927022367150000548e+01 1.939011155780000095e+01
-9.926977141150000250e+01 1.939026660269999880e+01
-9.926956951779999372e+01 1.939038380759999924e+01
-9.926953809729999989e+01 1.939063178179999980e+01
-9.926959067830000549e+01 1.939078746650000085e+01
-9.926961870019999878e+01 1.939100664789999939e+01
-9.926947743750000086e+01 1.939136231590000037e+01
-9.926925268370000310e+01 1.939156274080000131e+01
-9.926899366009999426e+01 1.939167978180000063e+01
-9.926856246459999511e+01 1.939193490050000079e+01
-9.926831204600000547e+01 1.939213486479999915e+01
-9.926810564550000038e+01 1.939265148559999830e+01
-9.926809849049999457e+01 1.939297021220000161e+01
-9.926807231200000103e+01 1.939331574090000032e+01
-9.926806672989999925e+01 1.939339349600000162e+01
-9.926805115599999851e+01 1.939361044219999997e+01
-9.926797375910000198e+01 1.939409096740000038e+01
-9.926738553440000601e+01 1.939474699639999855e+01
-9.926723714349999739e+01 1.939491249110000126e+01
-9.926674841029999641e+01 1.939554923509999895e+01
-9.926643852610000351e+01 1.939608039879999879e+01
-9.926628360019999775e+01 1.939662357359999945e+01
-9.926611531269999489e+01 1.939734479059999828e+01
-9.926576075849999370e+01 1.939819030510000175e+01
-9.926538118140000222e+01 1.939868403070000014e+01
-9.926507664550000243e+01 1.939895094290000088e+01
-9.926495626480000567e+01 1.939895869469999923e+01
-9.926485978979999913e+01 1.939885226770000060e+01
-9.926472221749999392e+01 1.939875857479999866e+01
-9.926458926749999989e+01 1.939871385349999855e+01
-9.926440435509999816e+01 1.939868892579999837e+01
-9.926425184549999869e+01 1.939869462480000095e+01
-9.926409585529999902e+01 1.939869266090000011e+01
-9.926400892130000386e+01 1.939876214119999887e+01
-9.926399314299999332e+01 1.939889918660000134e+01
-9.926399332590000313e+01 1.939901342889999825e+01
-9.926407215599999745e+01 1.939923135940000165e+01
-9.926391576080000334e+01 1.939942693769999948e+01
-9.926356024659999377e+01 1.939950309840000031e+01
-9.926318752049999716e+01 1.939953529949999833e+01
-9.926275582899999961e+01 1.939966479259999943e+01
-9.926241075059999730e+01 1.939970851039999999e+01
-9.926215593630000456e+01 1.939966634110000143e+01
-9.926206539940000084e+01 1.939959396929999969e+01
-9.926188327580000248e+01 1.939934831120000069e+01
-9.926182522690000098e+01 1.939930009389999910e+01
-9.926174085569999761e+01 1.939927023559999952e+01
-9.926162139679999541e+01 1.939926874160000025e+01
-9.926130352670000434e+01 1.939932915889999876e+01
-9.926114021710000657e+01 1.939964729709999958e+01
-9.926090926780000245e+01 1.939995822150000038e+01
-9.926045322720000286e+01 1.940025104840000125e+01
-9.925987051069999723e+01 1.940054006420000121e+01
-9.925948161530000391e+01 1.940093194760000017e+01
-9.925926712129999885e+01 1.940118519520000007e+01
-9.925907417129999999e+01 1.940146277810000086e+01
-9.925922578440000166e+01 1.940176503649999873e+01
-9.925904217279999386e+01 1.940248433800000072e+01
-9.925894087259999310e+01 1.940327667569999903e+01
-9.925882540089999395e+01 1.940374890000000008e+01
-9.925867904560000454e+01 1.940406044810000097e+01
-9.925813004610000689e+01 1.940476347470000107e+01
-9.925788424419999956e+01 1.940484319709999994e+01
-9.925769773349999525e+01 1.940484802819999999e+01
-9.925772288330000492e+01 1.940467933840000114e+01
-9.925772397810000314e+01 1.940450858939999890e+01
-9.925777870560000338e+01 1.940428475639999917e+01
-9.925800536440000599e+01 1.940396439930000128e+01
-9.925824251939999954e+01 1.940308976620000081e+01
-9.925826853309999365e+01 1.940268421329999882e+01
-9.925823374430000001e+01 1.940252638140000130e+01
-9.925815446570000233e+01 1.940242780250000010e+01
-9.925777970400000072e+01 1.940179051730000026e+01
-9.925766339480000511e+01 1.940159273220000102e+01
-9.925762226090000695e+01 1.940152518300000040e+01
-9.925737566130000289e+01 1.940112022410000137e+01
