-9.917438756110000497e+01 1.940452145489999936e+01
-9.917487268429999858e+01 1.940468055850000084e+01
-9.917529739949999623e+01 1.940482462840000011e+01
-9.917620202620000214e+01 1.940512284569999935e+01
-9.917712864770000181e+01 1.940544739810000152e+01
-9.917794679070000541e+01 1.940574837449999990e+01
-9.917891620579999312e+01 1.940607049380000149e+01
-9.917981909380000616e+01 1.940637623070000117e+01
-9.918068227800000614e+01 1.940664854199999922e+01
-9.918247192239999777e+01 1.940721787500000062e+01
-9.918430391559999748e+01 1.940782698969999842e+01
-9.918354765169999609e+01 1.940931992320000177e+01
-9.918350106280000489e+01 1.940940648870000018e+01
-9.918301021179999566e+01 1.941025234070000138e+01
-9.918293893339999556e+01 1.941037705569999972e+01
-9.918252082499999744e+01 1.941091474930000160e+01
-9.918214925770000434e+01 1.941148739979999860e+01
-9.918162381659999483e+01 1.941235806239999917e+01
-9.918136002430000531e+01 1.941271296940000113e+01
-9.918114248230000385e+01 1.941307890139999870e+01
-9.918100567349999608e+01 1.941329724479999896e+01
-9.918050191620000078e+01 1.941414486929999939e+01
-9.918032291650000332e+01 1.941446544660000129e+01
-9.917974929029999487e+01 1.941554713720000080e+01
-9.917953251859999853e+01 1.941593123130000009e+01
-9.917897700470000188e+01 1.941692972919999960e+01
-9.917832921980000549e+01 1.941811227239999837e+01
-9.917810043679999410e+01 1.941852415119999975e+01
-9.917789685060000693e+01 1.941895410000000055e+01
-9.917776610590000530e+01 1.941928581149999999e+01
-9.917749373910000088e+01 1.941946852430000092e+01
-9.917714827150000190e+01 1.942002694900000037e+01
-9.917698592479999320e+01 1.942013058339999887e+01
-9.917685617589999936e+01 1.942015827029999997e+01
-9.917674472939999930e+01 1.942022629479999907e+01
-9.917667303599999684e+01 1.942030116389999961e+01
-9.917661700079999321e+01 1.942037731310000126e+01
-9.917654909200000191e+01 1.942045385320000150e+01
-9.917647268109999459e+01 1.942056277420000043e+01
-9.917643858019999925e+01 1.942068751169999885e+01
-9.917641593240000475e+01 1.942083781710000068e+01
-9.917637751360000209e+01 1.942097316959999986e+01
-9.917633261570000514e+01 1.942104048239999869e+01
-9.917632549699999345e+01 1.942111587360000158e+01
-9.917635378529999457e+01 1.942119357729999862e+01
-9.917634610669999518e+01 1.942126543479999867e+01
-9.917627345809999895e+01 1.942145821280000106e+01
-9.917566137059999676e+01 1.942259614669999834e+01
-9.917559062520000168e+01 1.942267089910000166e+01
-9.917550758100000508e+01 1.942272174689999886e+01
-9.917542634309999983e+01 1.942273495599999933e+01
-9.917534031850000531e+01 1.942272131889999898e+01
-9.917529055970000229e+01 1.942269441979999911e+01
-9.917526119570000276e+01 1.942274959539999912e+01
-9.917505501889999664e+01 1.942304279489999885e+01
-9.917509612249999407e+01 1.942315929820000164e+01
-9.917520416950000595e+01 1.942320782430000037e+01
-9.917567815149999433e+01 1.942333845909999823e+01
-9.917593613450000589e+01 1.942333194409999919e+01
-9.917621988400000532e+01 1.942335796969999961e+01
-9.917694367010000178e+01 1.942347300970000035e+01
-9.917763620600000252e+01 1.942359570070000174e+01
-9.917706612780000341e+01 1.942452381540000061e+01
-9.917665523070000688e+01 1.942517874090000163e+01
-9.917645683640000698e+01 1.942546630149999842e+01
-9.917618550980000691e+01 1.942591624980000020e+01
-9.917565808519999848e+01 1.942672278179999878e+01
-9.917557923169999867e+01 1.942684034419999861e+01
-9.917474284989999944e+01 1.942808728800000040e+01
-9.917468426569999451e+01 1.942817830179999916e+01
-9.917439023699999723e+01 1.942863508699999997e+01
-9.917426542399999789e+01 1.942882898759999932e+01
-9.917378256690000171e+01 1.942954523710000103e+01
-9.917301316110000187e+01 1.943093933540000151e+01
-9.917263552890000256e+01 1.943163120559999868e+01
-9.917220909309999399e+01 1.943240251399999963e+01
-9.917174677959999940e+01 1.943314597870000071e+01
-9.917143333340000311e+01 1.943360310279999936e+01
-9.917119241550000197e+01 1.943398047009999985e+01
-9.917058154080000065e+01 1.943489192010000011e+01
-9.916967821149999907e+01 1.943632551520000007e+01
-9.916911113919999821e+01 1.943716077770000084e+01
-9.916879797030000532e+01 1.943763312429999957e+01
-9.916848655969999982e+01 1.943815200759999939e+01
-9.916817796949999320e+01 1.943878992559999830e+01
-9.916793988089999345e+01 1.943928517020000157e+01
-9.916763951209999561e+01 1.943991882710000141e+01
-9.916741822170000376e+01 1.944035883209999938e+01
-9.916688969909999685e+01 1.944146185520000003e+01
-9.916641461659999379e+01 1.944252419020000033e+01
-9.916590152999999930e+01 1.944338479789999852e+01
-9.916578098220000470e+01 1.944364867830000065e+01
-9.916572061249999592e+01 1.944382046180000145e+01
-9.916553402149999386e+01 1.944458662710000141e+01
-9.916538531499999465e+01 1.944518410539999920e+01
-9.916530159799999922e+01 1.944553704659999838e+01
-9.916521973119999700e+01 1.944590584119999832e+01
-9.916513537170000347e+01 1.944629314999999892e+01
-9.916503898950000462e+01 1.944669791069999931e+01
-9.916491773090000095e+01 1.944727665430000130e+01
-9.916483907929999475e+01 1.944767112539999943e+01
-9.916473416479999514e+01 1.944817256889999868e+01
-9.916450704099999314e+01 1.944918652120000147e+01
-9.916439603729999419e+01 1.944966259879999981e+01
-9.916433061460000431e+01 1.944998468469999864e+01
-9.916430558300000087e+01 1.945062690960000040e+01
-9.916427225760000397e+01 1.945184907850000045e+01
-9.916422796220000180e+01 1.945233589129999885e+01
-9.916419983389999970e+01 1.945268243399999974e+01
-9.916408123380000461e+01 1.945371381229999841e+01
-9.916401181909999707e+01 1.945427302039999873e+01
-9.916382291770000279e+01 1.945581684689999946e+01
-9.916371952619999774e+01 1.945639689329999911e+01
-9.916371277380000038e+01 1.945643477579999825e+01
-9.916357140319999530e+01 1.945706402960000148e+01
-9.916345795600000201e+01 1.945755360480000107e+01
-9.916331676599999412e+01 1.945816272380000100e+01
-9.916315414829999497e+01 1.945888347900000070e+01
-9.916308165200000246e+01 1.945906293099999829e+01
-9.916293478869999944e+01 1.945934133089999918e+01
-9.916282617230000085e+01 1.945948982119999826e+01
-9.916269930469999849e+01 1.945963730729999952e+01
-9.916257089990000395e+01 1.945977181749999829e+01
-9.916232114800000375e+01 1.945997191640000068e+01
-9.916210037380000131e+01 1.946013513680000173e+01
-9.916162278390000040e+01 1.946049295830000148e+01
-9.916126937650000173e+01 1.946076801379999921e+01
-9.916105367119999414e+01 1.946096889889999915e+01
-9.916086584229999801e+01 1.946118867339999881e+01
-9.916071643659999779e+01 1.946140605660000134e+01
-9.916044631779999463e+01 1.946187285170000081e+01
-9.916025848549999466e+01 1.946221157040000094e+01
-9.916004460290000111e+01 1.946260058060000020e+01
-9.915972976490000690e+01 1.946306746389999986e+01
-9.915954891159999818e+01 1.946332446190000098e+01
-9.915945048650000615e+01 1.946342706529999944e+01
-9.915930382950000421e+01 1.946355355289999878e+01
-9.915910165709999546e+01 1.946369826349999954e+01
-9.915885310580000578e+01 1.946383900849999904e+01
-9.915865070110000090e+01 1.946392495850000159e+01
-9.915824544640000227e+01 1.946403828589999918e+01
-9.915793969880000702e+01 1.946408022580000008e+01
-9.915757733520000272e+01 1.946408208060000078e+01
-9.915731128189999311e+01 1.946405464489999915e+01
-9.915708018339999796e+01 1.946401493879999833e+01
-9.915652818040000227e+01 1.946390446139999852e+01
-9.915608520310000529e+01 1.946379135309999953e+01
-9.915568407710000542e+01 1.946369655359999840e+01
-9.915499413160000586e+01 1.946356739899999866e+01
-9.915454996340000093e+01 1.946347880880000147e+01
-9.915362125170000240e+01 1.946330267489999954e+01
-9.915347219250000421e+01 1.946327100450000103e+01
-9.915322278339999684e+01 1.946324222559999839e+01
-9.915287976310000317e+01 1.946320264399999900e+01
-9.915236655539999333e+01 1.946314008779999938e+01
-9.915168748450000180e+01 1.946305344789999836e+01
-9.915082803350000518e+01 1.946294828270000110e+01
-9.915055405159999680e+01 1.946294041859999879e+01
-9.915031399510000654e+01 1.946296012000000175e+01
-9.915002825189999669e+01 1.946301691680000090e+01
-9.914873621969999817e+01 1.946333748099999994e+01
-9.914832574240000440e+01 1.946343703930000046e+01
-9.914803681150000614e+01 1.946350711630000063e+01
-9.914773534110000242e+01 1.946359633579999837e+01
-9.914730638800000406e+01 1.946372328220000014e+01
-9.914682917199999679e+01 1.946386041519999921e+01
-9.914661576109999430e+01 1.946392174060000002e+01
-9.914630968260000543e+01 1.946400969320000129e+01
-9.914580456029999311e+01 1.946415484190000100e+01
-9.914524475380000013e+01 1.946431570249999865e+01
-9.914311812690000636e+01 1.946506268590000133e+01
-9.914247155980000059e+01 1.946557290269999996e+01
-9.914237039610000579e+01 1.946564880800000097e+01
-9.914214193360000138e+01 1.946576994360000157e+01
-9.914193263330000150e+01 1.946582436790000159e+01
-9.914174041629999579e+01 1.946581594559999928e+01
-9.914165000769999381e+01 1.946579899820000037e+01
-9.914147934950000263e+01 1.946572337159999933e+01
-9.914142442889999529e+01 1.946567709729999862e+01
-9.914132400430000303e+01 1.946556651239999880e+01
-9.914121282060000340e+01 1.946546838569999949e+01
-9.914110005150000404e+01 1.946541828510000016e+01
-9.914098957199999518e+01 1.946539058329999961e+01
-9.914080725440000208e+01 1.946535282139999978e+01
-9.913981031790000031e+01 1.946524613329999909e+01
-9.913922355559999744e+01 1.946518334079999946e+01
-9.913859227790000261e+01 1.946515816169999979e+01
-9.913749734220000676e+01 1.946510564629999962e+01
-9.913613773170000343e+01 1.946505952800000117e+01
-9.913492084199999965e+01 1.946500891490000029e+01
-9.913422907570000575e+01 1.946498089110000151e+01
-9.913383825539999350e+01 1.946496147690000100e+01
-9.913368114819999732e+01 1.946493918590000050e+01
-9.913333667349999700e+01 1.946485416850000050e+01
-9.913312062510000544e+01 1.946476478079999950e+01
-9.913286163310000632e+01 1.946464149119999831e+01
-9.913242569259999470e+01 1.946437577520000062e+01
-9.913141865170000244e+01 1.946378321670000133e+01
-9.913090596399999299e+01 1.946347671459999873e+01
-9.913043213449999769e+01 1.946319572279999832e+01
-9.912951211940000462e+01 1.946265044389999943e+01
-9.912919094389999941e+01 1.946246652749999839e+01
-9.912884251760000609e+01 1.946226700529999931e+01
-9.912847121830000674e+01 1.946205438519999831e+01
-9.912811141710000129e+01 1.946184834609999825e+01
-9.912755068549999748e+01 1.946152724379999910e+01
-9.912737755940000284e+01 1.946146078439999982e+01
-9.912640546619999782e+01 1.946115245489999879e+01
-9.912546473940000169e+01 1.946083183280000029e+01
-9.912462233220000485e+01 1.946054960640000076e+01
-9.912416240970000558e+01 1.946039769900000138e+01
-9.912371864579999681e+01 1.946025112810000124e+01
-9.912330644649999556e+01 1.946011864930000002e+01
-9.912287175299999831e+01 1.945997758980000114e+01
-9.912241122419999328e+01 1.945983004080000001e+01
-9.912224120790000370e+01 1.945978240080000177e+01
-9.912283993360000522e+01 1.945900238189999953e+01
-9.912317992929999377e+01 1.945851183170000098e+01
-9.912333158949999756e+01 1.945815433969999830e+01
-9.912335951570000248e+01 1.945802869830000148e+01
-9.912358378109999535e+01 1.945702868400000085e+01
-9.912369003540000278e+01 1.945642956300000037e+01
-9.912378102329999763e+01 1.945602976229999825e+01
-9.912410623690000477e+01 1.945479509080000113e+01
-9.912416573470000003e+01 1.945454531440000068e+01
-9.912427808559999676e+01 1.945409779439999909e+01
-9.912442274709999879e+01 1.945333568350000064e+01
-9.912478236469999615e+01 1.945200904320000035e+01
-9.912501616100000490e+01 1.945150023840000131e+01
-9.912506804410000427e+01 1.945139494649999889e+01
-9.912521266619999949e+01 1.945108625909999844e+01
-9.912548129760000393e+01 1.945020430219999952e+01
-9.912555259169999999e+01 1.944983528250000049e+01
-9.912568584529999782e+01 1.944921564450000062e+01
-9.912588902890000497e+01 1.944818695809999909e+01
-9.912592920059999813e+01 1.944779478470000100e+01
-9.912593006219999836e+01 1.944761813139999873e+01
-9.912586658210000223e+01 1.944740492720000091e+01
-9.912570768749999672e+01 1.944712377580000151e+01
-9.912558859770000197e+01 1.944694975979999896e+01
-9.912538192739999943e+01 1.944664776589999988e+01
-9.912448225919999345e+01 1.944497739330000030e+01
-9.912419456169999421e+01 1.944441132320000065e+01
-9.912385416489999557e+01 1.944371677079999827e+01
-9.912378484090000086e+01 1.944357426259999855e+01
-9.912311468149999882e+01 1.944265968930000099e+01
-9.912307881190000103e+01 1.944249544070000013e+01
-9.912316219759999569e+01 1.944158079829999863e+01
-9.912326784459999374e+01 1.944085322069999933e+01
-9.912335641049999424e+01 1.944019081960000150e+01
-9.912344489310000029e+01 1.943955549369999858e+01
-9.912360131379999473e+01 1.943863887570000060e+01
-9.912376492609999445e+01 1.943749514619999985e+01
-9.912393954690000442e+01 1.943641877669999829e+01
-9.912406886949999318e+01 1.943558701230000096e+01
-9.912418332609999538e+01 1.943471242249999875e+01
-9.912433464010000250e+01 1.943392432499999956e+01
-9.912451905439999678e+01 1.943280646079999840e+01
-9.912462993840000536e+01 1.943198563969999881e+01
-9.912473285960000169e+01 1.943125940290000031e+01
-9.912478182179999919e+01 1.943082779670000093e+01
-9.912491328570000348e+01 1.942998565910000153e+01
-9.912494397669999557e+01 1.942978349290000040e+01
-9.912503660679999484e+01 1.942916458770000077e+01
-9.912511812990000237e+01 1.942869892090000050e+01
-9.912518260710000106e+01 1.942831897099999949e+01
-9.912527098360000366e+01 1.942763275660000133e+01
-9.912542998390000548e+01 1.942677641439999903e+01
-9.912547371390000706e+01 1.942653846780000038e+01
-9.912548905740000293e+01 1.942643744440000120e+01
-9.912553886770000133e+01 1.942584936449999944e+01
-9.912559082919999298e+01 1.942555258200000168e+01
-9.912561925469999835e+01 1.942539846669999903e+01
-9.912562837519999448e+01 1.942534508909999857e+01
-9.912576651259999494e+01 1.942436239799999953e+01
-9.912589428670000302e+01 1.942350127830000162e+01
-9.912600616090000472e+01 1.942287265530000084e+01
-9.912607936770000094e+01 1.942276123839999968e+01
-9.912622090169999467e+01 1.942248610680000098e+01
-9.912658274810000592e+01 1.942169946920000001e+01
-9.912700770029999831e+01 1.942075045480000028e+01
-9.912713929550000103e+01 1.942037805500000047e+01
-9.912737262849999809e+01 1.941898783590000122e+01
-9.912740927320000139e+01 1.941867828870000068e+01
-9.912761778559999470e+01 1.941740078899999844e+01
-9.912782916449999959e+01 1.941595790870000116e+01
-9.912790062359999865e+01 1.941554070440000146e+01
-9.912807922999999732e+01 1.941455535629999929e+01
-9.912819972559999826e+01 1.941375994059999854e+01
-9.912815458970000293e+01 1.941343786470000055e+01
-9.912800316339999540e+01 1.941302261550000097e+01
-9.912784729300000208e+01 1.941227990379999824e+01
-9.912775714529999505e+01 1.941181391840000003e+01
-9.912769151240000554e+01 1.941144973329999956e+01
-9.912759056209999642e+01 1.941104866759999936e+01
-9.912741758020000304e+01 1.941048349020000074e+01
-9.912729726919999962e+01 1.941004531149999934e+01
-9.912719103630000461e+01 1.940959510200000082e+01
-9.912716886309999609e+01 1.940926942400000144e+01
-9.912716796450000345e+01 1.940901109729999874e+01
-9.912674047260000521e+01 1.940882266870000095e+01
-9.912654319400000702e+01 1.940826134670000158e+01
-9.912639295869999501e+01 1.940774205290000154e+01
-9.912627179390000265e+01 1.940717102340000011e+01
-9.912618756899999539e+01 1.940682660290000072e+01
-9.912614981750000709e+01 1.940667816639999899e+01
-9.912586726429999828e+01 1.940519355469999851e+01
-9.912569845710000038e+01 1.940433067569999892e+01
-9.912640447789999598e+01 1.940419627280000014e+01
-9.912647592989999623e+01 1.940418459709999865e+01
-9.912706416349999472e+01 1.940406777669999983e+01
-9.912751579349999531e+01 1.940392739449999837e+01
-9.912769508469999380e+01 1.940387626840000124e+01
-9.912792242230000284e+01 1.940381069749999909e+01
-9.912814357599999937e+01 1.940374191600000131e+01
-9.912831508729999541e+01 1.940369051529999922e+01
-9.912883522010000092e+01 1.940354582990000054e+01
-9.912950452210000662e+01 1.940333899799999884e+01
-9.912979123680000271e+01 1.940326148620000168e+01
-9.913003937269999710e+01 1.940320757619999981e+01
-9.913031100550000474e+01 1.940316488170000042e+01
-9.913052938689999394e+01 1.940313628950000080e+01
-9.913058845049999945e+01 1.940313023499999900e+01
-9.913085661030000040e+01 1.940311110900000102e+01
-9.913105721329999653e+01 1.940310560829999886e+01
-9.913111927689999447e+01 1.940310307029999848e+01
-9.913149834159999330e+01 1.940311855779999917e+01
-9.913161938170000553e+01 1.940312510420000081e+01
-9.913197557639999502e+01 1.940314827570000134e+01
-9.913218326780000211e+01 1.940316269850000097e+01
-9.913249893200000429e+01 1.940319142199999902e+01
-9.913273530419999702e+01 1.940320560989999876e+01
-9.913291244090000021e+01 1.940321320949999873e+01
-9.913324146070000609e+01 1.940323682480000045e+01
-9.913380021730000635e+01 1.940326467250000064e+01
-9.913429795519999743e+01 1.940329919119999857e+01
-9.913471908869999538e+01 1.940332287080000029e+01
-9.913516278870000065e+01 1.940334978619999973e+01
-9.913542121140000063e+01 1.940336256910000046e+01
-9.913563957360000245e+01 1.940328104310000157e+01
-9.913574984209999741e+01 1.940319691899999910e+01
-9.913587345150000374e+01 1.940305464549999925e+01
-9.913603939780000474e+01 1.940291082199999906e+01
-9.913625056390000623e+01 1.940284223009999920e+01
-9.913644192460000681e+01 1.940281064079999851e+01
-9.913658765270000117e+01 1.940281181259999954e+01
-9.913670027220000236e+01 1.940282790119999845e+01
-9.913689263550000419e+01 1.940288381479999913e+01
-9.913703480450000427e+01 1.940295819079999973e+01
-9.913712399909999817e+01 1.940306151269999901e+01
-9.913717407839999396e+01 1.940318324360000091e+01
-9.913723501050000664e+01 1.940331073750000002e+01
-9.913734406129999854e+01 1.940343819499999967e+01
-9.913740614840000376e+01 1.940346354560000108e+01
-9.913764101859999300e+01 1.940347957579999871e+01
-9.913820319629999744e+01 1.940350934860000010e+01
-9.913914081010000245e+01 1.940356298340000052e+01
-9.914004719650000652e+01 1.940361659150000051e+01
-9.914089375490000577e+01 1.940365758849999978e+01
-9.914174962869999774e+01 1.940370623180000109e+01
-9.914267289740000422e+01 1.940375788160000070e+01
-9.914340988879999372e+01 1.940379368840000041e+01
-9.914416753339999389e+01 1.940383344940000043e+01
-9.914497515899999769e+01 1.940387524189999979e+01
-9.914590976060000571e+01 1.940393641669999880e+01
-9.914602622489999817e+01 1.940394094130000013e+01
-9.914680862800000227e+01 1.940398113119999834e+01
-9.914762372389999712e+01 1.940401450270000083e+01
-9.914794562880000228e+01 1.940401962729999852e+01
-9.914849468020000245e+01 1.940402836750000048e+01
-9.914860718040000620e+01 1.940403157209999918e+01
-9.914877387559999988e+01 1.940403293549999830e+01
-9.914973630289999562e+01 1.940404080380000096e+01
-9.915020501819999765e+01 1.940404965280000127e+01
-9.915114142720000245e+01 1.940405123120000042e+01
-9.915123376889999918e+01 1.940405240000000120e+01
-9.915177309339999567e+01 1.940405878560000019e+01
-9.915241807939999319e+01 1.940405792270000163e+01
-9.915310862409999970e+01 1.940405526480000020e+01
-9.915539505949999466e+01 1.940406020480000038e+01
-9.915616585920000148e+01 1.940406012540000091e+01
-9.915632922300000018e+01 1.940406328179999917e+01
-9.915670064959999763e+01 1.940402403510000084e+01
-9.915695685309999874e+01 1.940398294810000124e+01
-9.915717368670000553e+01 1.940393312040000140e+01
-9.915772825909999710e+01 1.940378552159999970e+01
-9.915814733259999514e+01 1.940366094190000013e+01
-9.915853720440000529e+01 1.940354686910000126e+01
-9.915898881069999504e+01 1.940341330080000048e+01
-9.915968666400000586e+01 1.940320059949999987e+01
-9.916033773389999340e+01 1.940301099299999876e+01
-9.916076617560000273e+01 1.940287945900000111e+01
-9.916088517459999707e+01 1.940284289110000060e+01
-9.916133009220000361e+01 1.940270616649999980e+01
-9.916177115879999349e+01 1.940257481700000142e+01
-9.916228540970000438e+01 1.940240553679999991e+01
-9.916268502949999686e+01 1.940228253420000115e+01
-9.916301648939999325e+01 1.940217435170000115e+01
-9.916324727260000316e+01 1.940210118019999896e+01
-9.916380662550000125e+01 1.940190684999999959e+01
-9.916433193090000486e+01 1.940171557340000064e+01
-9.916476280509999697e+01 1.940153189939999834e+01
-9.916526594270000317e+01 1.940133029489999927e+01
-9.916587184709999292e+01 1.940110358089999920e+01
-9.916647792790000437e+01 1.940087883880000064e+01
-9.916712233520000552e+01 1.940062815459999968e+01
-9.916754282450000346e+01 1.940048346689999903e+01
-9.916789733480000280e+01 1.940038794819999879e+01
-9.916806910180000045e+01 1.940034747139999993e+01
-9.916894891089999931e+01 1.940014014160000144e+01
-9.917024552110000002e+01 1.939983458189999865e+01
-9.917043552820000230e+01 1.939978980440000100e+01
-9.917039465089999339e+01 1.939995006339999861e+01
-9.917035911520000013e+01 1.940020094360000158e+01
-9.917037431350000531e+01 1.940033178219999854e+01
-9.917076637990000165e+01 1.940179787190000127e+01
-9.917077348669999992e+01 1.940184022729999924e+01
-9.917085448779999979e+01 1.940221478429999991e+01
-9.917097244890000241e+01 1.940274810769999903e+01
-9.917107853779999971e+01 1.940349716900000132e+01
-9.917167691880000291e+01 1.940363470859999850e+01
-9.917177318609999759e+01 1.940366473239999934e+01
-9.917261450109999998e+01 1.940393051210000053e+01
-9.917346652979999533e+01 1.940420970370000120e+01
-9.917438756110000497e+01 1.940452145489999936e+01
