-9.911788784659999862e+01 1.959059230140000096e+01
-9.911859756190000326e+01 1.958446172800000085e+01
-9.911690614530000687e+01 1.958144459269999871e+01
-9.911466172270000641e+01 1.957979630930000070e+01
-9.911296557299999677e+01 1.957374167780000107e+01
-9.911285594899999296e+01 1.957326262750000012e+01
-9.911239233790000469e+01 1.957123664570000088e+01
-9.911181804860000000e+01 1.956872692190000151e+01
-9.910809721549999551e+01 1.956488849500000171e+01
-9.911124114250000616e+01 1.956149777359999931e+01
-9.911485296019999680e+01 1.955759555839999919e+01
-9.911571862399999588e+01 1.955666025389999874e+01
-9.911568508610000094e+01 1.955575570299999910e+01
-9.911562145999999984e+01 1.955403961929999923e+01
-9.911848012720000156e+01 1.955218522259999858e+01
-9.912037348500000178e+01 1.954992318809999929e+01
-9.912043631960000312e+01 1.954984811739999984e+01
-9.912103574100000003e+01 1.954913195520000002e+01
-9.912121760739999843e+01 1.954869632779999833e+01
-9.912130972250000127e+01 1.954847568270000124e+01
-9.912146296730000472e+01 1.954810861119999998e+01
-9.912163373479999962e+01 1.954769956410000020e+01
-9.912174687460000655e+01 1.954742855310000138e+01
-9.912188257370000599e+01 1.954710350319999890e+01
-9.912197875930000635e+01 1.954687310299999936e+01
-9.912215348830000039e+01 1.954654195670000050e+01
-9.912223656090000645e+01 1.954638451659999987e+01
-9.912256570799999622e+01 1.954576070879999961e+01
-9.912263744860000259e+01 1.954562474369999947e+01
-9.912273297039999420e+01 1.954544370809999876e+01
-9.912322718389999920e+01 1.954497102350000048e+01
-9.912350722649999568e+01 1.954470317719999883e+01
-9.912419089979999853e+01 1.954404927550000082e+01
-9.912421390759999440e+01 1.954402727009999907e+01
-9.912464283799999976e+01 1.954342200190000156e+01
-9.912469290900000374e+01 1.954335134489999959e+01
-9.912528815349999434e+01 1.954251137580000020e+01
-9.912537470659999883e+01 1.954238923710000009e+01
-9.912565256179999551e+01 1.954204656179999944e+01
-9.912569259420000378e+01 1.954199719040000005e+01
-9.912598180759999877e+01 1.954164050429999833e+01
-9.912627550509999708e+01 1.954133536000000149e+01
-9.912743456910000361e+01 1.954013110400000031e+01
-9.912814641830000539e+01 1.953939148470000120e+01
-9.912991051020000555e+01 1.953699388100000078e+01
-9.913027730870000198e+01 1.953649534770000074e+01
-9.913057458999999483e+01 1.953609129499999852e+01
-9.912736766620000139e+01 1.953508390660000060e+01
-9.912737791499999673e+01 1.953171065960000163e+01
-9.912808299659999989e+01 1.952660936919999912e+01
-9.912818362429999297e+01 1.952588129209999934e+01
-9.912810563370000239e+01 1.952529313209999984e+01
-9.912800459129999808e+01 1.952453111810000053e+01
-9.912779642009999748e+01 1.952436309400000169e+01
-9.912773307109999621e+01 1.952431196199999874e+01
-9.912749755939999829e+01 1.952417076900000126e+01
-9.912738434960000689e+01 1.952406760439999900e+01
-9.912735040709999623e+01 1.952401219660000109e+01
-9.912729825339999934e+01 1.952391147590000031e+01
-9.912724393690000113e+01 1.952380657959999866e+01
-9.912709033350000709e+01 1.952350993729999828e+01
-9.912706347660000006e+01 1.952345807080000029e+01
-9.912672752180000657e+01 1.952280926199999911e+01
-9.912672140729999626e+01 1.952279745390000087e+01
-9.912644062949999579e+01 1.952225519879999993e+01
-9.912641472919999330e+01 1.952220517749999829e+01
-9.912616659100000049e+01 1.952172595440000080e+01
-9.912616415639999445e+01 1.952172125339999909e+01
-9.912589849159999744e+01 1.952120817819999843e+01
-9.912573756310000306e+01 1.952102496850000080e+01
-9.912527638740000668e+01 1.952049993960000052e+01
-9.912506281779999995e+01 1.952028905410000093e+01
-9.912477105140000333e+01 1.952000095029999827e+01
-9.912436452320000058e+01 1.951959952509999852e+01
-9.912434184590000541e+01 1.951957713199999844e+01
-9.912400607829999899e+01 1.951924557430000107e+01
-9.912388843329999588e+01 1.951912940509999927e+01
-9.912101471859999435e+01 1.951629164659999915e+01
-9.912098182629999599e+01 1.951626733399999836e+01
-9.912087318849999917e+01 1.951618703780000175e+01
-9.911688192539999420e+01 1.951323689090000002e+01
-9.911592876660000684e+01 1.951305176649999851e+01
-9.911440711160000205e+01 1.951106081500000045e+01
-9.911058930900000519e+01 1.951117313809999843e+01
-9.911055981079999810e+01 1.951116227920000057e+01
-9.911023187290000180e+01 1.951104155459999845e+01
-9.910998977190000403e+01 1.951061885189999856e+01
-9.910989789890000168e+01 1.951045844320000100e+01
-9.910943308049999700e+01 1.951031196830000169e+01
-9.910922741870000152e+01 1.951058136360000006e+01
-9.910914474829999676e+01 1.951074244570000005e+01
-9.910897409880000453e+01 1.951111036489999861e+01
-9.910886868789999937e+01 1.951093096130000148e+01
-9.910876327729999957e+01 1.951075155670000072e+01
-9.910874116220000474e+01 1.951070888980000007e+01
-9.910866796630000408e+01 1.951056766700000011e+01
-9.910864562960000512e+01 1.951049128249999853e+01
-9.910783857890000093e+01 1.951046249199999849e+01
-9.910769991349999941e+01 1.951085513179999964e+01
-9.910768073490000063e+01 1.951090618699999979e+01
-9.910763551600000199e+01 1.951102656069999952e+01
-9.910751188359999730e+01 1.951068975589999965e+01
-9.910746311580000167e+01 1.951040661980000124e+01
-9.910744264900000644e+01 1.951028779299999982e+01
-9.910738863349999406e+01 1.951002366259999832e+01
-9.910736641660000146e+01 1.950993445190000131e+01
-9.910730429310000034e+01 1.950968499400000056e+01
-9.910709388380000462e+01 1.951006390090000053e+01
-9.910704236579999815e+01 1.951017840449999952e+01
-9.910693298210000535e+01 1.951027023989999876e+01
-9.910673952679999843e+01 1.951044504920000122e+01
-9.910658193470000299e+01 1.951042618889999858e+01
-9.910642989549999982e+01 1.951032114390000061e+01
-9.910622425450000605e+01 1.951024310860000099e+01
-9.910612278399999298e+01 1.951015493870000128e+01
-9.910602662370000360e+01 1.950999313430000015e+01
-9.910593157830000166e+01 1.950988636630000173e+01
-9.910551571439999918e+01 1.951032813249999975e+01
-9.910480925800000307e+01 1.951065276639999979e+01
-9.910420292390000441e+01 1.951093138690000117e+01
-9.910386009260000151e+01 1.951108892270000084e+01
-9.910343072550000443e+01 1.951128622070000063e+01
-9.910282831060000319e+01 1.951140525909999823e+01
-9.910272409290000439e+01 1.951142585230000037e+01
-9.910241481449999412e+01 1.951148696490000134e+01
-9.910232469819999324e+01 1.951150477199999855e+01
-9.910216538260000618e+01 1.951153625210000087e+01
-9.910139515619999884e+01 1.951168844249999879e+01
-9.910108385419999877e+01 1.951174995219999886e+01
-9.910097150359999318e+01 1.951177215110000063e+01
-9.910058847630000400e+01 1.951184783289999913e+01
-9.910052054860000226e+01 1.951186452099999968e+01
-9.909976934179999830e+01 1.951204907219999996e+01
-9.909949065080000707e+01 1.951211753799999826e+01
-9.909943263930000512e+01 1.951213178949999971e+01
-9.909920025389999410e+01 1.951218887920000000e+01
-9.909888879400000405e+01 1.951226539399999993e+01
-9.909862246369999639e+01 1.951233082190000090e+01
-9.909835456140000076e+01 1.951239663519999823e+01
-9.909827187029999607e+01 1.951241694879999855e+01
-9.909785696069999972e+01 1.951251887500000137e+01
-9.909739953070000240e+01 1.951263124449999964e+01
-9.909716159939999613e+01 1.951252423860000107e+01
-9.909581067380000263e+01 1.951191667129999985e+01
-9.909561289350000379e+01 1.951182771939999938e+01
-9.909502173430000482e+01 1.951156184390000092e+01
-9.909489555730000632e+01 1.951150509529999866e+01
-9.909450964120000549e+01 1.951133152770000123e+01
-9.909317902329999583e+01 1.951073306299999999e+01
-9.909289730529999929e+01 1.951060635380000008e+01
-9.909189383749999536e+01 1.951015501510000050e+01
-9.909088804370000503e+01 1.950970262279999901e+01
-9.909055795650000675e+01 1.950955415270000159e+01
-9.909051242300000695e+01 1.950953367219999990e+01
-9.909038572730000283e+01 1.950947668510000099e+01
-9.909025634690000572e+01 1.950941849160000174e+01
-9.908996073619999834e+01 1.950931645580000051e+01
-9.908949267129999328e+01 1.950915489249999979e+01
-9.908934336699999790e+01 1.950910335660000072e+01
-9.908894342109999798e+01 1.950893824770000151e+01
-9.908829741969999816e+01 1.950867155699999955e+01
-9.908782396799999503e+01 1.950847609899999924e+01
-9.908755799979999779e+01 1.950836629710000025e+01
-9.908737149899999963e+01 1.950828930249999971e+01
-9.908726966460000085e+01 1.950824726120000108e+01
-9.908692135510000298e+01 1.950810346300000120e+01
-9.908648015090000172e+01 1.950792131340000068e+01
-9.908572213489999569e+01 1.950760836539999943e+01
-9.908540389489999711e+01 1.950747697819999971e+01
-9.908507059970000341e+01 1.950733056680000033e+01
-9.908489952040000048e+01 1.950725541439999944e+01
-9.908462325989999897e+01 1.950713405699999825e+01
-9.908414738039999747e+01 1.950692500739999957e+01
-9.908371508049999932e+01 1.950673510069999850e+01
-9.908325042360000623e+01 1.950653097740000064e+01
-9.908279931689999387e+01 1.950633280539999959e+01
-9.908279543589999605e+01 1.950633110020000061e+01
-9.908233595599999433e+01 1.950612924900000067e+01
-9.908188794139999800e+01 1.950593243180000158e+01
-9.908177375699999345e+01 1.950588226940000069e+01
-9.908144928049999578e+01 1.950573972240000131e+01
-9.908100974040000608e+01 1.950554662600000100e+01
-9.908056472330000020e+01 1.950535112160000040e+01
-9.908008652530000404e+01 1.950514103769999963e+01
-9.908004187080000236e+01 1.950512142019999828e+01
-9.907962979629999722e+01 1.950494038429999932e+01
-9.907921517270000322e+01 1.950476354659999956e+01
-9.907885236559999953e+01 1.950460880860000046e+01
-9.907789861919999908e+01 1.950420202640000156e+01
-9.907765295900000524e+01 1.950408789789999986e+01
-9.907747487509999473e+01 1.950400516319999866e+01
-9.907721537170000659e+01 1.950388460199999940e+01
-9.907643913690000659e+01 1.950358809529999959e+01
-9.907604824569999380e+01 1.950343878090000160e+01
-9.907599764290000621e+01 1.950341930460000128e+01
-9.907568816250000054e+01 1.950330018969999912e+01
-9.907522746610000297e+01 1.950312287259999877e+01
-9.907490195959999824e+01 1.950299758799999950e+01
-9.907477125520000527e+01 1.950294728029999902e+01
-9.907427834909999831e+01 1.950275756299999941e+01
-9.907413858270000162e+01 1.950270376699999986e+01
-9.907402210520000096e+01 1.950265893590000132e+01
-9.907350503099999628e+01 1.950245991330000095e+01
-9.907332915669999807e+01 1.950239221889999897e+01
-9.907322265019999463e+01 1.950235122329999982e+01
-9.907298240480000118e+01 1.950225875139999943e+01
-9.907282282650000127e+01 1.950219732869999945e+01
-9.907234086680000473e+01 1.950201181730000144e+01
-9.907143322119999596e+01 1.950166245120000141e+01
-9.907068302759999767e+01 1.950137368500000079e+01
-9.907012556050000285e+01 1.950115910170000078e+01
-9.906919284559999994e+01 1.950080006960000034e+01
-9.906881250669999872e+01 1.950065584500000071e+01
-9.906842500119999784e+01 1.950050890119999991e+01
-9.906809194919999584e+01 1.950038260570000048e+01
-9.906734363319999659e+01 1.950009883770000130e+01
-9.906694701649999502e+01 1.949994843460000027e+01
-9.906597887520000256e+01 1.949958129690000064e+01
-9.906530480969999530e+01 1.949932567349999957e+01
-9.906521203040000501e+01 1.949929048870000159e+01
-9.906462999869999919e+01 1.949906976440000150e+01
-9.906386253399999475e+01 1.949877871440000021e+01
-9.906420527880000293e+01 1.949800368069999834e+01
-9.906430966160000651e+01 1.949776764210000124e+01
-9.906432181169999751e+01 1.949774016710000168e+01
-9.906465332569999305e+01 1.949699051729999866e+01
-9.906470729359999439e+01 1.949686848050000165e+01
-9.906484454959999653e+01 1.949655810009999968e+01
-9.906496123860000580e+01 1.949629423060000022e+01
-9.906511870880000004e+01 1.949593813910000151e+01
-9.906522651539999913e+01 1.949569435300000109e+01
-9.906525277100000437e+01 1.949563497939999834e+01
-9.906527147830000501e+01 1.949559267469999924e+01
-9.906544849799999497e+01 1.949519237259999827e+01
-9.906552399689999788e+01 1.949502164149999928e+01
-9.906593494169999303e+01 1.949409234199999830e+01
-9.906610522169999911e+01 1.949367757390000122e+01
-9.906610696570000130e+01 1.949367332470000136e+01
-9.906610871060000534e+01 1.949366907559999973e+01
-9.906630101730000604e+01 1.949320065190000051e+01
-9.906663379719999796e+01 1.949239005600000141e+01
-9.906666690149999965e+01 1.949230941849999965e+01
-9.906670202399999425e+01 1.949222386559999975e+01
-9.906679256760000385e+01 1.949200331369999972e+01
-9.906694650570000249e+01 1.949162834239999853e+01
-9.906710514809999779e+01 1.949124190850000105e+01
-9.906724971959999948e+01 1.949088974729999890e+01
-9.906744121049999308e+01 1.949042329539999940e+01
-9.906795258040000363e+01 1.948917763420000071e+01
-9.906799134230000448e+01 1.948908321069999872e+01
-9.906792255989999774e+01 1.948901155240000094e+01
-9.906785068489999446e+01 1.948893667209999947e+01
-9.906762240850000012e+01 1.948839598909999893e+01
-9.906758453410000698e+01 1.948830628210000171e+01
-9.906751333770000656e+01 1.948813765090000061e+01
-9.906748676269999976e+01 1.948807470630000083e+01
-9.906731009320000680e+01 1.948765625300000082e+01
-9.906727807709999922e+01 1.948758041920000039e+01
-9.906711815379999564e+01 1.948720162749999929e+01
-9.906703638509999621e+01 1.948700794990000063e+01
-9.906698809450000454e+01 1.948689356739999923e+01
-9.906672579729999484e+01 1.948627228719999849e+01
-9.906671433389999493e+01 1.948624513449999895e+01
-9.906658374090000052e+01 1.948593580609999876e+01
-9.906646060970000178e+01 1.948564415390000093e+01
-9.906631956910000270e+01 1.948531007869999954e+01
-9.906629287250000004e+01 1.948524684259999873e+01
-9.906618677139999818e+01 1.948499552819999892e+01
-9.906607289410000305e+01 1.948472579010000061e+01
-9.906606141189999448e+01 1.948469859180000086e+01
-9.906592962269999703e+01 1.948438642520000030e+01
-9.906578465180000137e+01 1.948404303530000092e+01
-9.906566281589999790e+01 1.948375444230000042e+01
-9.906546413639999571e+01 1.948328382989999952e+01
-9.906540839820000599e+01 1.948315180119999823e+01
-9.906538553519999368e+01 1.948309764489999907e+01
-9.906537695139999755e+01 1.948307731150000066e+01
-9.906515287370000067e+01 1.948254653220000066e+01
-9.906514499909999927e+01 1.948252788010000103e+01
-9.906485289889999990e+01 1.948183596490000014e+01
-9.906469974430000036e+01 1.948165638640000097e+01
-9.906455887369999402e+01 1.948155026219999897e+01
-9.906450769299999592e+01 1.948153897170000093e+01
-9.906417652970000631e+01 1.948146591369999925e+01
-9.906399615249999613e+01 1.948142612050000011e+01
-9.906374703119999481e+01 1.948137116190000029e+01
-9.906374525569999889e+01 1.948137077029999986e+01
-9.906327781749999417e+01 1.948126764710000103e+01
-9.906361037339999598e+01 1.947996956449999928e+01
-9.906299704030000441e+01 1.947981931869999883e+01
-9.906336101019999774e+01 1.947860927820000043e+01
-9.906299627869999824e+01 1.947778990169999958e+01
-9.906263169390000201e+01 1.947697084329999839e+01
-9.906248331090000647e+01 1.947663749100000175e+01
-9.906247711860000038e+01 1.947662358039999830e+01
-9.906183090720000450e+01 1.947517180519999869e+01
-9.906144202379999797e+01 1.947426658210000028e+01
-9.906141210020000187e+01 1.947419692580000117e+01
-9.906085928740000668e+01 1.947291009579999965e+01
-9.906080034289999503e+01 1.947277288329999934e+01
-9.906039702670000224e+01 1.947183403400000046e+01
-9.905945445439999730e+01 1.946963984070000109e+01
-9.905920398320000686e+01 1.946908280639999944e+01
-9.905911939160000657e+01 1.946889467820000164e+01
-9.905911833230000241e+01 1.946889232310000040e+01
-9.905911727299999825e+01 1.946888996710000086e+01
-9.905791178389999629e+01 1.946620896219999963e+01
-9.905773611450000260e+01 1.946583639429999835e+01
-9.905755003730000396e+01 1.946544174909999825e+01
-9.905718242449999877e+01 1.946466208589999880e+01
-9.905654520660000628e+01 1.946325558790000088e+01
-9.905629312210000137e+01 1.946265242810000018e+01
-9.905606407199999808e+01 1.946210437610000099e+01
-9.905595314609999491e+01 1.946183896049999973e+01
-9.905593950230000644e+01 1.946180631340000033e+01
-9.905528857999999559e+01 1.946024881579999999e+01
-9.905503657740000278e+01 1.945967367969999984e+01
-9.905485611979999305e+01 1.945926182590000053e+01
-9.905478677729999504e+01 1.945910356610000136e+01
-9.905467526190000171e+01 1.945884905619999827e+01
-9.905466949899999918e+01 1.945883590329999890e+01
-9.905448682780000524e+01 1.945841899310000045e+01
-9.905443908809999698e+01 1.945831003609999854e+01
-9.905430757620000293e+01 1.945800988399999909e+01
-9.905429064649999304e+01 1.945797124430000125e+01
-9.905412807630000316e+01 1.945760020730000051e+01
-9.905411631229999614e+01 1.945757335500000096e+01
-9.905394790559999763e+01 1.945718899510000099e+01
-9.905393822000000625e+01 1.945716688830000152e+01
-9.905376740270000369e+01 1.945677702409999910e+01
-9.905374870439999313e+01 1.945673434800000123e+01
-9.905358627740000088e+01 1.945636362819999832e+01
-9.905357765520000157e+01 1.945634395000000083e+01
-9.905349817309999594e+01 1.945616254320000138e+01
-9.905340077969999868e+01 1.945594025460000154e+01
-9.905338732810000124e+01 1.945590955049999948e+01
-9.905321602790000668e+01 1.945551857659999939e+01
-9.905321370459999741e+01 1.945551327520000129e+01
-9.905321138230000599e+01 1.945550797379999963e+01
-9.905302869439999824e+01 1.945509100660000001e+01
-9.905302726150000581e+01 1.945508773710000128e+01
-9.905302582859999916e+01 1.945508446579999884e+01
-9.905285650499999406e+01 1.945469799800000033e+01
-9.905284262220000358e+01 1.945466631129999868e+01
-9.905266937419999351e+01 1.945427088510000146e+01
-9.905266810419999501e+01 1.945426798669999968e+01
-9.905253595649999454e+01 1.945396636739999963e+01
-9.905249229929999899e+01 1.945386380620000111e+01
-9.905249005570000520e+01 1.945385853539999843e+01
-9.905231650460000026e+01 1.945345082740000109e+01
-9.905231362189999800e+01 1.945344405519999853e+01
-9.905215421619999461e+01 1.945306957600000075e+01
-9.905212017760000265e+01 1.945298961150000139e+01
-9.905198019620000593e+01 1.945266076049999882e+01
-9.905196264570000153e+01 1.945261953039999980e+01
-9.905183849930000406e+01 1.945232787870000024e+01
-9.905181096629999615e+01 1.945226319760000067e+01
-9.905173328739999761e+01 1.945208071020000062e+01
-9.905114708840000048e+01 1.945070356020000091e+01
-9.905111965700000098e+01 1.945063911489999953e+01
-9.905090358649999871e+01 1.945024513470000116e+01
-9.905086842059999697e+01 1.945018101240000163e+01
-9.905113832140000341e+01 1.944991261370000046e+01
-9.905152146039999650e+01 1.944951171650000177e+01
-9.905195354100000316e+01 1.944906126860000128e+01
-9.905204798290000667e+01 1.944896550149999825e+01
-9.905225808960000222e+01 1.944874259270000039e+01
-9.905256431710000697e+01 1.944842216030000159e+01
-9.905330229279999799e+01 1.944813064890000120e+01
-9.905389895800000488e+01 1.944790942030000025e+01
-9.905466735960000335e+01 1.944761919589999977e+01
-9.905550517759999707e+01 1.944729796889999918e+01
-9.905604813950000676e+01 1.944709198170000164e+01
-9.905734458400000619e+01 1.944659695100000008e+01
-9.905799876679999727e+01 1.944635777690000111e+01
-9.905871604200000036e+01 1.944609552489999871e+01
-9.905941471379999541e+01 1.944584002779999921e+01
-9.906021453930000575e+01 1.944554763009999832e+01
-9.906125957739999421e+01 1.944516552360000006e+01
-9.906214541239999960e+01 1.944484162150000017e+01
-9.906228517830000158e+01 1.944479051589999941e+01
-9.906262284870000201e+01 1.944490940369999876e+01
-9.906280679249999821e+01 1.944497416709999982e+01
-9.906343346890000134e+01 1.944519480559999991e+01
-9.906402518030000692e+01 1.944540313199999915e+01
-9.906465471440000670e+01 1.944562477250000043e+01
-9.906524894970000616e+01 1.944583398139999986e+01
-9.906722821469999474e+01 1.944653079480000102e+01
-9.906738369670000566e+01 1.944664229130000166e+01
-9.906780242749999843e+01 1.944650281339999864e+01
-9.906808786850000104e+01 1.944643655679999839e+01
-9.906821485199999699e+01 1.944642620939999844e+01
-9.906837775859999340e+01 1.944644017619999943e+01
-9.906850893520000056e+01 1.944646018099999907e+01
-9.906859567189999893e+01 1.944647618480000162e+01
-9.906984463189999701e+01 1.944690891910000019e+01
-9.907449757759999898e+01 1.944852095899999966e+01
-9.907530194410000490e+01 1.944879384480000084e+01
-9.907545180360000359e+01 1.944884201400000023e+01
-9.907697767080000517e+01 1.944936388050000176e+01
-9.907809816360000355e+01 1.944974709290000092e+01
-9.907869592560000171e+01 1.944974668060000056e+01
-9.907907272239999941e+01 1.944977198160000142e+01
-9.907932118700000501e+01 1.944979542669999972e+01
-9.908031045769999423e+01 1.945007114939999937e+01
-9.908059108470000353e+01 1.945013504539999971e+01
-9.908087674940000511e+01 1.945015731770000045e+01
-9.908115319869999382e+01 1.945001091439999996e+01
-9.908152949789999298e+01 1.944975920850000151e+01
-9.908274251909999464e+01 1.944887928149999823e+01
-9.908387157629999820e+01 1.944806612000000001e+01
-9.908420330859999581e+01 1.944782712630000177e+01
-9.908531502930000556e+01 1.944707223289999831e+01
-9.908687024420000000e+01 1.944596968849999996e+01
-9.908715634089999469e+01 1.944576686179999925e+01
-9.908730148409999572e+01 1.944605807459999980e+01
-9.908753181560000201e+01 1.944641051640000029e+01
-9.908793482830000698e+01 1.944685619439999869e+01
-9.908822361949999902e+01 1.944713312049999843e+01
-9.908864614270000004e+01 1.944753901110000172e+01
-9.908885787219999486e+01 1.944772848239999874e+01
-9.908899779940000485e+01 1.944785840739999827e+01
-9.908940484960000106e+01 1.944823636050000104e+01
-9.908968884559999424e+01 1.944850005449999841e+01
-9.908975334509999300e+01 1.944855994270000110e+01
-9.909006418510000458e+01 1.944884855979999827e+01
-9.909042202850000081e+01 1.944918081719999847e+01
-9.909063027509999699e+01 1.944937417390000078e+01
-9.909080134529999384e+01 1.944953301139999979e+01
-9.909115418170000567e+01 1.944986061619999873e+01
-9.909128463439999734e+01 1.944998173890000004e+01
-9.909155143719999614e+01 1.945022946039999923e+01
-9.909177038180000352e+01 1.945043274609999884e+01
-9.909192578760000458e+01 1.945057703630000034e+01
-9.909213237250000361e+01 1.945076140040000112e+01
-9.909248831870000629e+01 1.945107905769999945e+01
-9.909265346659999807e+01 1.945122652510000094e+01
-9.909289857020000625e+01 1.945141142510000165e+01
-9.909298455629999580e+01 1.945147631789999920e+01
-9.909321980170000188e+01 1.945160023080000045e+01
-9.909345090040000059e+01 1.945167903100000117e+01
-9.909372659999999655e+01 1.945174601489999944e+01
-9.909393536710000205e+01 1.945177580280000029e+01
-9.909421950450000338e+01 1.945179516769999850e+01
-9.909452503949999880e+01 1.945178668389999999e+01
-9.909473769900000661e+01 1.945175675249999969e+01
-9.909489964520000171e+01 1.945172053770000176e+01
-9.909526911300000052e+01 1.945160722299999989e+01
-9.909537375840000095e+01 1.945156746250000168e+01
-9.909592012539999928e+01 1.945135987049999926e+01
-9.909594918560000565e+01 1.945134892700000151e+01
-9.909654015760000334e+01 1.945112638799999871e+01
-9.909696378510000159e+01 1.945096693369999841e+01
-9.909745321469999624e+01 1.945078270979999857e+01
-9.909785798410000268e+01 1.945063035009999908e+01
-9.909797024460000614e+01 1.945058809440000047e+01
-9.909843566409999482e+01 1.945041290449999849e+01
-9.909884689339999397e+01 1.945025811169999841e+01
-9.909898114240000666e+01 1.945020854719999903e+01
-9.909969919809999794e+01 1.944994344239999862e+01
-9.909978840239999442e+01 1.944991973719999834e+01
-9.910025779859999773e+01 1.944983853729999979e+01
-9.910046121140000253e+01 1.944982757969999909e+01
-9.910055671119999943e+01 1.944982753469999892e+01
-9.910079424689999428e+01 1.944983708810000067e+01
-9.910107318980000457e+01 1.944987522970000171e+01
-9.910133750309999812e+01 1.944993528790000070e+01
-9.910136629800000208e+01 1.944994240369999972e+01
-9.910139576049999732e+01 1.944995392470000084e+01
-9.910144341550000036e+01 1.944997127259999914e+01
-9.910186345190000168e+01 1.945012465960000014e+01
-9.910195496560000095e+01 1.945015805079999893e+01
-9.910220228400000053e+01 1.945024848610000134e+01
-9.910254433199999369e+01 1.945037309110000123e+01
-9.910302324360000625e+01 1.945054755359999987e+01
-9.910349381899999344e+01 1.945071897760000112e+01
-9.910389276460000474e+01 1.945086484839999841e+01
-9.910411946169999453e+01 1.945094773730000171e+01
-9.910431590400000346e+01 1.945101956410000099e+01
-9.910474874579999494e+01 1.945117782550000030e+01
-9.910538289790000022e+01 1.945140969079999849e+01
-9.910557630229999404e+01 1.945148040480000162e+01
-9.910603022520000138e+01 1.945164484420000051e+01
-9.910644733290000374e+01 1.945179594680000079e+01
-9.910665126499999644e+01 1.945186982250000085e+01
-9.910686284790000400e+01 1.945194647050000114e+01
-9.910728672560000518e+01 1.945210002210000155e+01
-9.910769541370000013e+01 1.945224807019999957e+01
-9.910792447789999926e+01 1.945233104849999961e+01
-9.910811729280000293e+01 1.945240089529999850e+01
-9.910859317240000621e+01 1.945257384499999986e+01
-9.910854243490000215e+01 1.945275118229999833e+01
-9.910871230649999575e+01 1.945281323009999852e+01
-9.910889129150000088e+01 1.945287855309999969e+01
-9.910894589180000480e+01 1.945273363860000160e+01
-9.910946106180000470e+01 1.945291794610000125e+01
-9.910966708419999804e+01 1.945299134569999921e+01
-9.910986842840000577e+01 1.945306307690000125e+01
-9.911013818959999355e+01 1.945315918340000039e+01
-9.911027229430000318e+01 1.945320695979999925e+01
-9.911042497009999863e+01 1.945326135199999840e+01
-9.911072817730000395e+01 1.945336937189999915e+01
-9.911121389500000589e+01 1.945354241169999909e+01
-9.911136172060000149e+01 1.945359507550000089e+01
-9.911142934170000274e+01 1.945362041039999923e+01
-9.911161523709999699e+01 1.945370616510000161e+01
-9.911177513020000163e+01 1.945378127940000113e+01
-9.911186088780000603e+01 1.945382978909999849e+01
-9.911202459470000292e+01 1.945393686850000137e+01
-9.911217708549999372e+01 1.945404972180000058e+01
-9.911229868030000034e+01 1.945413970999999975e+01
-9.911263117260000399e+01 1.945440593800000073e+01
-9.911269439679999493e+01 1.945445705719999907e+01
-9.911303151360000641e+01 1.945472962839999909e+01
-9.911342579089999560e+01 1.945504841540000029e+01
-9.911349730829999771e+01 1.945510623999999922e+01
-9.911388008829999308e+01 1.945539723110000097e+01
-9.911399143449999372e+01 1.945548680399999952e+01
-9.911439019770000414e+01 1.945585076400000091e+01
-9.911471494500000290e+01 1.945611848660000121e+01
-9.911497079510000674e+01 1.945631826589999847e+01
-9.911546291080000515e+01 1.945670253060000121e+01
-9.911583419549999974e+01 1.945699244409999906e+01
-9.911616913880000368e+01 1.945725397949999902e+01
-9.911627846019999311e+01 1.945733933989999898e+01
-9.911673518729999444e+01 1.945769596390000089e+01
-9.911690472349999936e+01 1.945782834150000085e+01
-9.911696176659999935e+01 1.945787288160000017e+01
-9.911705350360000466e+01 1.945793865630000141e+01
-9.911714884760000643e+01 1.945799982180000143e+01
-9.911726900950000640e+01 1.945806704010000132e+01
-9.911734900170000628e+01 1.945810745669999875e+01
-9.911746426860000270e+01 1.945815784910000090e+01
-9.911751085599999556e+01 1.945817571259999923e+01
-9.911768785859999298e+01 1.945823965989999849e+01
-9.911800542769999822e+01 1.945835001640000073e+01
-9.911845137779999959e+01 1.945850498369999926e+01
-9.911849610570000380e+01 1.945852052609999916e+01
-9.911896968099999583e+01 1.945867910600000172e+01
-9.911938703440000609e+01 1.945881607460000140e+01
-9.911981345639999574e+01 1.945895601770000027e+01
-9.912026103659999876e+01 1.945910290289999978e+01
-9.912032355889999735e+01 1.945912342169999931e+01
-9.912111582810000243e+01 1.945938342190000014e+01
-9.912158813029999749e+01 1.945953841700000098e+01
-9.912199430350000284e+01 1.945967170830000015e+01
-9.912210097450000035e+01 1.945971565520000013e+01
-9.912217716179999627e+01 1.945975191710000018e+01
-9.912224120790000370e+01 1.945978240080000177e+01
-9.912241122419999328e+01 1.945983004080000001e+01
-9.912287175299999831e+01 1.945997758980000114e+01
-9.912330644649999556e+01 1.946011864930000002e+01
-9.912371864579999681e+01 1.946025112810000124e+01
-9.912416240970000558e+01 1.946039769900000138e+01
-9.912462233220000485e+01 1.946054960640000076e+01
-9.912546473940000169e+01 1.946083183280000029e+01
-9.912640546619999782e+01 1.946115245489999879e+01
-9.912737755940000284e+01 1.946146078439999982e+01
-9.912755068549999748e+01 1.946152724379999910e+01
-9.912811141710000129e+01 1.946184834609999825e+01
-9.912847121830000674e+01 1.946205438519999831e+01
-9.912884251760000609e+01 1.946226700529999931e+01
-9.912919094389999941e+01 1.946246652749999839e+01
-9.912951211940000462e+01 1.946265044389999943e+01
-9.913043213449999769e+01 1.946319572279999832e+01
-9.913090596399999299e+01 1.946347671459999873e+01
-9.913141865170000244e+01 1.946378321670000133e+01
-9.913242569259999470e+01 1.946437577520000062e+01
-9.913286163310000632e+01 1.946464149119999831e+01
-9.913312062510000544e+01 1.946476478079999950e+01
-9.913333667349999700e+01 1.946485416850000050e+01
-9.913368114819999732e+01 1.946493918590000050e+01
-9.913383825539999350e+01 1.946496147690000100e+01
-9.913422907570000575e+01 1.946498089110000151e+01
-9.913492084199999965e+01 1.946500891490000029e+01
-9.913613773170000343e+01 1.946505952800000117e+01
-9.913749734220000676e+01 1.946510564629999962e+01
-9.913859227790000261e+01 1.946515816169999979e+01
-9.913922355559999744e+01 1.946518334079999946e+01
-9.913981031790000031e+01 1.946524613329999909e+01
-9.914080725440000208e+01 1.946535282139999978e+01
-9.914098957199999518e+01 1.946539058329999961e+01
-9.914110005150000404e+01 1.946541828510000016e+01
-9.914121282060000340e+01 1.946546838569999949e+01
-9.914132400430000303e+01 1.946556651239999880e+01
-9.914142442889999529e+01 1.946567709729999862e+01
-9.914147934950000263e+01 1.946572337159999933e+01
-9.914165000769999381e+01 1.946579899820000037e+01
-9.914174041629999579e+01 1.946581594559999928e+01
-9.914193263330000150e+01 1.946582436790000159e+01
-9.914214193360000138e+01 1.946576994360000157e+01
-9.914237039610000579e+01 1.946564880800000097e+01
-9.914247155980000059e+01 1.946557290269999996e+01
-9.914311812690000636e+01 1.946506268590000133e+01
-9.914305467059999444e+01 1.946543691689999989e+01
-9.914307980559999578e+01 1.946567375389999910e+01
-9.914310340209999595e+01 1.946575749169999980e+01
-9.914318501479999668e+01 1.946604711419999845e+01
-9.914368086529999857e+01 1.946728941750000175e+01
-9.914410142289999328e+01 1.946847695350000151e+01
-9.914414543840000249e+01 1.946858195660000135e+01
-9.914438650499999994e+01 1.946921002910000098e+01
-9.914447665149999978e+01 1.946945648459999845e+01
-9.914466874699999721e+01 1.946997276809999988e+01
-9.914484774420000690e+01 1.947041582570000173e+01
-9.914487188260000039e+01 1.947047557240000160e+01
-9.914504539249999482e+01 1.947096393840000061e+01
-9.914523571009999614e+01 1.947143966810000038e+01
-9.914546419100000207e+01 1.947201032010000077e+01
-9.914565129899999363e+01 1.947247977789999851e+01
-9.914589428300000407e+01 1.947311398740000143e+01
-9.914608715529999472e+01 1.947367489310000011e+01
-9.914645644140000513e+01 1.947469943260000136e+01
-9.914667961230000515e+01 1.947529141400000086e+01
-9.914687861100000532e+01 1.947579315240000142e+01
-9.914704877699999486e+01 1.947626285699999826e+01
-9.914724224340000092e+01 1.947675866479999840e+01
-9.914728227930000060e+01 1.947685679599999986e+01
-9.914750203319999855e+01 1.947744033120000040e+01
-9.914758611659999588e+01 1.947765511740000122e+01
-9.914777360700000486e+01 1.947814310320000075e+01
-9.914790205369999398e+01 1.947848842490000010e+01
-9.914810960639999848e+01 1.947901137739999911e+01
-9.914818535679999911e+01 1.947917170290000044e+01
-9.914866053999999451e+01 1.948045305850000020e+01
-9.914884302830000706e+01 1.948090844600000082e+01
-9.914940566209999417e+01 1.948245214290000149e+01
-9.914972011880000480e+01 1.948323815039999829e+01
-9.915048324629999854e+01 1.948527229529999971e+01
-9.915088926699999661e+01 1.948635743539999865e+01
-9.915119761969999956e+01 1.948718153509999951e+01
-9.915151331250000055e+01 1.948802524479999931e+01
-9.915183683089999533e+01 1.948888943169999877e+01
-9.915296380620000605e+01 1.949188072820000173e+01
-9.915302067780000073e+01 1.949203534740000165e+01
-9.915397662590000039e+01 1.949464080279999934e+01
-9.915418132770000170e+01 1.949519871209999877e+01
-9.915571265600000572e+01 1.949935329510000059e+01
-9.915637552660000154e+01 1.950115158150000028e+01
-9.915657324800000083e+01 1.950166271479999835e+01
-9.915694976310000186e+01 1.950271725180000004e+01
-9.915718110619999948e+01 1.950284888319999865e+01
-9.915770189049999317e+01 1.950420736330000082e+01
-9.915775238829999694e+01 1.950433908569999986e+01
-9.915787974289999340e+01 1.950467129189999937e+01
-9.915835747469999717e+01 1.950591744129999938e+01
-9.915843726960000026e+01 1.950612558290000109e+01
-9.915884438189999628e+01 1.950718750069999885e+01
-9.915904958919999501e+01 1.950772275690000157e+01
-9.915946048870000595e+01 1.950879453179999956e+01
-9.915951115929999560e+01 1.950892670069999824e+01
-9.915960955449999403e+01 1.950918334240000007e+01
-9.916018835079999860e+01 1.951069302240000169e+01
-9.916066609230000495e+01 1.951193909050000030e+01
-9.916084134179999410e+01 1.951239617599999931e+01
-9.916084708379999313e+01 1.951241115299999862e+01
-9.916096386309999389e+01 1.951271573789999891e+01
-9.916106899289999888e+01 1.951298993540000026e+01
-9.916125674730000128e+01 1.951347962859999896e+01
-9.916177504220000571e+01 1.951483141479999972e+01
-9.916223440890000518e+01 1.951602948909999924e+01
-9.916230197580000549e+01 1.951620570900000118e+01
-9.916248010430000193e+01 1.951667028099999968e+01
-9.916288855780000233e+01 1.951773554020000034e+01
-9.916297519680000505e+01 1.951796149440000150e+01
-9.916473407060000511e+01 1.951899206339999893e+01
-9.916473441339999795e+01 1.951899226460000136e+01
-9.916595943480000130e+01 1.951971001569999942e+01
-9.916641134500000021e+01 1.951997479039999916e+01
-9.916681724449999535e+01 1.952021260569999939e+01
-9.916726117219999992e+01 1.952047269879999902e+01
-9.916730917910000187e+01 1.952050082519999918e+01
-9.916778168970000706e+01 1.952077766369999878e+01
-9.916778346399999577e+01 1.952077870289999950e+01
-9.916822967589999394e+01 1.952104012839999925e+01
-9.916864824300000691e+01 1.952128535740000004e+01
-9.916908776670000236e+01 1.952154286249999871e+01
-9.916950391289999800e+01 1.952178667009999913e+01
-9.916996265669999389e+01 1.952205543039999824e+01
-9.917043868650000604e+01 1.952224189389999864e+01
-9.917052067939999915e+01 1.952227401100000037e+01
-9.917084748640000669e+01 1.952240202160000138e+01
-9.917089064099999973e+01 1.952241632149999973e+01
-9.917137571920000028e+01 1.952257706170000162e+01
-9.917180719949999457e+01 1.952272003919999932e+01
-9.917182702639999548e+01 1.952272660890000111e+01
-9.917229139789999692e+01 1.952288048360000161e+01
-9.917256199919999915e+01 1.952297014999999902e+01
-9.917277097170000388e+01 1.952303405299999994e+01
-9.917299946480000017e+01 1.952310392400000083e+01
-9.917323539970000468e+01 1.952317607080000172e+01
-9.917370546569999590e+01 1.952331981040000031e+01
-9.917418228479999698e+01 1.952346561410000092e+01
-9.917431290669999555e+01 1.952364021909999892e+01
-9.917438825019999626e+01 1.952374093210000083e+01
-9.917463071199999547e+01 1.952406503510000135e+01
-9.917445001769999635e+01 1.952425612140000055e+01
-9.917420643980000250e+01 1.952451370800000063e+01
-9.917399374400000056e+01 1.952471654209999841e+01
-9.917376124359999778e+01 1.952493826159999912e+01
-9.917345892010000341e+01 1.952522656440000048e+01
-9.917314254000000062e+01 1.952552826979999878e+01
-9.917307140479999816e+01 1.952559610559999825e+01
-9.917236116780000543e+01 1.952627339429999864e+01
-9.917213993839999375e+01 1.952647709349999872e+01
-9.917193784719999883e+01 1.952666316979999905e+01
-9.917136728079999841e+01 1.952718851899999919e+01
-9.917175730229999431e+01 1.952747882899999965e+01
-9.917211501399999918e+01 1.952773849440000120e+01
-9.917258984580000458e+01 1.952808317530000082e+01
-9.917261021180000569e+01 1.952809773479999933e+01
-9.917299152229999493e+01 1.952837033060000138e+01
-9.917345367660000477e+01 1.952870071830000143e+01
-9.917383423379999385e+01 1.952898262640000127e+01
-9.917437199779999446e+01 1.952938098610000139e+01
-9.917526382639999838e+01 1.953003202209999856e+01
-9.917536094800000512e+01 1.953009461039999906e+01
-9.917552329430000668e+01 1.952984450900000013e+01
-9.917576530920000266e+01 1.952947167279999974e+01
-9.917615357789999564e+01 1.952887352100000129e+01
-9.917626352089999386e+01 1.952892958620000030e+01
-9.917661561799999959e+01 1.952910913690000072e+01
-9.917704573480000363e+01 1.952932847059999943e+01
-9.917627857649999612e+01 1.953064256680000099e+01
-9.917634949799999333e+01 1.953071638360000151e+01
-9.917601146410000013e+01 1.953203604340000155e+01
-9.917542367350000632e+01 1.953197705730000067e+01
-9.917495412300000623e+01 1.953187810329999863e+01
-9.917452644009999574e+01 1.953171133060000031e+01
-9.917407028680000280e+01 1.953157169460000020e+01
-9.917264995530000249e+01 1.953098356310000128e+01
-9.917237269459999993e+01 1.953086875300000003e+01
-9.917233412129999692e+01 1.953085547799999944e+01
-9.917191442070000562e+01 1.953071103670000142e+01
-9.917147087390000593e+01 1.953055838779999931e+01
-9.917042324960000599e+01 1.953019783559999922e+01
-9.917038110910000626e+01 1.953018333329999834e+01
-9.916997905899999921e+01 1.953004496000000145e+01
-9.916986352559999318e+01 1.953000519729999951e+01
-9.916914713970000150e+01 1.952975863649999866e+01
-9.916874468970000578e+01 1.952962012200000075e+01
-9.916861226710000210e+01 1.952957450479999935e+01
-9.916800366210000561e+01 1.952936485089999863e+01
-9.916767249400000139e+01 1.952925076840000074e+01
-9.916743594259999384e+01 1.952918512809999996e+01
-9.916671605790000399e+01 1.952898536600000057e+01
-9.916625298179999959e+01 1.952885686460000159e+01
-9.916581291529999476e+01 1.952873492750000040e+01
-9.916523995599999353e+01 1.952857616580000055e+01
-9.916456940790000374e+01 1.952839036050000132e+01
-9.916416682269999683e+01 1.952827880399999927e+01
-9.916301984019999338e+01 1.952796380979999924e+01
-9.916278498990000401e+01 1.952789931250000066e+01
-9.916260646759999986e+01 1.952785028419999946e+01
-9.916219288669999798e+01 1.952773669910000010e+01
-9.916212282809999579e+01 1.952771745829999972e+01
-9.916176635680000118e+01 1.952761955740000133e+01
-9.916165813800000706e+01 1.952758983600000064e+01
-9.916115968520000479e+01 1.952745293810000149e+01
-9.916103107540000394e+01 1.952741761600000103e+01
-9.916070059490000688e+01 1.952732684989999967e+01
-9.916034820299999808e+01 1.952723006540000128e+01
-9.915985798430000386e+01 1.952709542490000061e+01
-9.915955765340000028e+01 1.952701293759999857e+01
-9.915915865210000391e+01 1.952690334829999941e+01
-9.915901435039999967e+01 1.952705702049999914e+01
-9.915882913580000491e+01 1.952725426119999952e+01
-9.915731553829999712e+01 1.952787767319999901e+01
-9.915679812679999827e+01 1.952809077739999921e+01
-9.915714540099999397e+01 1.952825745470000030e+01
-9.915834110829999304e+01 1.952875142879999970e+01
-9.915859871889999511e+01 1.952885785220000159e+01
-9.915851703959999952e+01 1.952896420820000145e+01
-9.915843321500000229e+01 1.952907335689999968e+01
-9.915830899569999701e+01 1.952923510320000133e+01
-9.915740100579999705e+01 1.953041738860000009e+01
-9.915737101749999738e+01 1.953045643600000147e+01
-9.915719231379999599e+01 1.953068912230000009e+01
-9.915690742329999807e+01 1.953106006850000043e+01
-9.915666261369999290e+01 1.953137882620000099e+01
-9.915649432770000260e+01 1.953159794309999953e+01
-9.915613196590000200e+01 1.953206975439999837e+01
-9.915584724160000007e+01 1.953244047680000151e+01
-9.915698358870000106e+01 1.953307149449999969e+01
-9.915784411319999947e+01 1.953354933780000025e+01
-9.915851348309999480e+01 1.953392102780000172e+01
-9.915804496890000053e+01 1.953528899089999982e+01
-9.915793415310000114e+01 1.953542385020000083e+01
-9.915791877979999924e+01 1.953544255810000152e+01
-9.915733485970000061e+01 1.953615316260000156e+01
-9.915706554380000171e+01 1.953648090580000130e+01
-9.915668762519999291e+01 1.953694080929999899e+01
-9.915604534359999889e+01 1.953772241689999944e+01
-9.915531775440000217e+01 1.953860782490000148e+01
-9.915464743949999615e+01 1.953942352250000170e+01
-9.915410784370000385e+01 1.954008014200000076e+01
-9.915395676769999511e+01 1.954030576770000138e+01
-9.915394818439999369e+01 1.954031858700000157e+01
-9.915357342560000120e+01 1.954087826700000008e+01
-9.915333296810000263e+01 1.954123737369999958e+01
-9.915325189390000560e+01 1.954136577290000076e+01
-9.915323447500000498e+01 1.954139335900000063e+01
-9.915293121860000269e+01 1.954187362900000124e+01
-9.915264462189999506e+01 1.954232751190000172e+01
-9.915239298839999549e+01 1.954272602079999999e+01
-9.915225685519999388e+01 1.954294161230000171e+01
-9.915209217630000182e+01 1.954320240899999916e+01
-9.915207573470000568e+01 1.954322844740000065e+01
-9.915207359900000483e+01 1.954323182930000158e+01
-9.915196170480000148e+01 1.954340903390000150e+01
-9.915163528909999968e+01 1.954394388080000056e+01
-9.915142184229999600e+01 1.954429362209999965e+01
-9.915121669949999728e+01 1.954462975379999889e+01
-9.915108490080000081e+01 1.954484570920000053e+01
-9.915152021670000693e+01 1.954505195959999853e+01
-9.915292082179999511e+01 1.954571554520000021e+01
-9.915302648589999990e+01 1.954576560690000164e+01
-9.915418249539999351e+01 1.954631329340000079e+01
-9.915438076309999360e+01 1.954640722670000130e+01
-9.915466773779999698e+01 1.954654318520000089e+01
-9.915533259010000222e+01 1.954685816639999985e+01
-9.915535440979999748e+01 1.954686850350000071e+01
-9.915540228739999407e+01 1.954688962259999840e+01
-9.915585099650000700e+01 1.954708755340000081e+01
-9.915655455110000105e+01 1.954739789630000146e+01
-9.915700050510000096e+01 1.954759460740000065e+01
-9.915757454079999889e+01 1.954784781309999886e+01
-9.915806531370000698e+01 1.954806428790000083e+01
-9.915818812009999306e+01 1.954811845640000101e+01
-9.915864578350000613e+01 1.954832032659999896e+01
-9.915854536209999992e+01 1.954874914679999875e+01
-9.915852851210000551e+01 1.954882109800000123e+01
-9.915925332850000018e+01 1.954895551650000129e+01
-9.915938016510000352e+01 1.954898025239999981e+01
-9.915934859470000617e+01 1.954908821389999929e+01
-9.915920715430000598e+01 1.954916584000000057e+01
-9.915920828890000394e+01 1.954920231019999832e+01
-9.915927203219999342e+01 1.954921377479999833e+01
-9.915950849169999515e+01 1.954923030890000035e+01
-9.915967767440000102e+01 1.954921946250000175e+01
-9.915976459259999842e+01 1.954917528800000071e+01
-9.915998927510000271e+01 1.954912650500000026e+01
-9.916007499750000420e+01 1.954910789290000039e+01
-9.916089999880000505e+01 1.954926088119999861e+01
-9.915928191870000319e+01 1.955188299750000169e+01
-9.915809200690000580e+01 1.955369140970000075e+01
-9.915756897200000708e+01 1.955504739330000064e+01
-9.915776050399999519e+01 1.955595091429999854e+01
-9.915804702580000196e+01 1.955649287729999841e+01
-9.915809551739999961e+01 1.955735133729999831e+01
-9.915614380649999759e+01 1.956015445170000078e+01
-9.915423821829999440e+01 1.956137605460000017e+01
-9.915333268279999857e+01 1.956155755729999868e+01
-9.915280870409999636e+01 1.956196465700000076e+01
-9.915161644430000365e+01 1.956137825869999958e+01
-9.915090062870000054e+01 1.956052035180000104e+01
-9.914918591679999338e+01 1.956201284939999852e+01
-9.914899556790000190e+01 1.956237447950000075e+01
-9.914680480959999898e+01 1.956463547719999951e+01
-9.914599554650000357e+01 1.956590128919999927e+01
-9.914589279240000508e+01 1.956745589109999983e+01
-9.914589049449999436e+01 1.956749065059999992e+01
-9.914580738419999761e+01 1.956874805189999833e+01
-9.914476045220000344e+01 1.957082736599999961e+01
-9.914366519070000550e+01 1.957218376370000001e+01
-9.914345684590000474e+01 1.957234707039999932e+01
-9.914038904359999549e+01 1.957475162629999943e+01
-9.913956813020000425e+01 1.957539503940000003e+01
-9.913914166879999357e+01 1.957846789739999949e+01
-9.913790438360000223e+01 1.958113471149999896e+01
-9.913484117900000570e+01 1.958390878470000018e+01
-9.913375974900000642e+01 1.958488810229999899e+01
-9.913376084909999975e+01 1.958624362930000018e+01
-9.913071030439999731e+01 1.958714953320000163e+01
-9.912836263260000180e+01 1.958800720429999842e+01
-9.912699260220000497e+01 1.958850769540000059e+01
-9.912370609830000490e+01 1.959275728000000072e+01
-9.912214864809999426e+01 1.959247644219999884e+01
-9.912078435669999976e+01 1.959223042079999999e+01
-9.911964942800000244e+01 1.959202574900000116e+01
-9.911946221050000361e+01 1.959199198620000004e+01
-9.911788784659999862e+01 1.959059230140000096e+01
