-9.905578648869999370e+01 1.942214108150000129e+01
-9.905583625619999566e+01 1.942196123600000135e+01
-9.905588834969999823e+01 1.942155048600000100e+01
-9.905601676060000216e+01 1.942053796340000105e+01
-9.905601859639999418e+01 1.942052348569999864e+01
-9.905611551670000381e+01 1.941975926170000122e+01
-9.905616763160000460e+01 1.941934833270000027e+01
-9.905617880660000196e+01 1.941926021880000164e+01
-9.905631146950000243e+01 1.941821413479999947e+01
-9.905631148099999450e+01 1.941821404530000095e+01
-9.905631149250000078e+01 1.941821395490000057e+01
-9.905640109349999989e+01 1.941750742749999858e+01
-9.905644402209999555e+01 1.941705192210000064e+01
-9.905647471579999319e+01 1.941672623610000059e+01
-9.905655237489999365e+01 1.941590220069999972e+01
-9.905657571189999544e+01 1.941565457280000118e+01
-9.905663866589999600e+01 1.941498657140000006e+01
-9.905665628650000087e+01 1.941479959739999828e+01
-9.905667659120000224e+01 1.941460947330000053e+01
-9.905672740510000551e+01 1.941413365849999906e+01
-9.905676487370000416e+01 1.941378281309999920e+01
-9.905679095690000224e+01 1.941353857760000068e+01
-9.905682287519999818e+01 1.941323970070000016e+01
-9.905684657240000490e+01 1.941301780610000094e+01
-9.905690949350000096e+01 1.941242860919999913e+01
-9.905692230130000553e+01 1.941230867730000043e+01
-9.905707499739999378e+01 1.941087881640000035e+01
-9.905709106119999774e+01 1.941072839630000146e+01
-9.905715617030000431e+01 1.941011870399999850e+01
-9.905719154109999636e+01 1.940978747970000029e+01
-9.905720516239999540e+01 1.940965627299999952e+01
-9.905723700260000442e+01 1.940934957369999836e+01
-9.905731768139999360e+01 1.940857244040000040e+01
-9.905735615010000572e+01 1.940820188629999876e+01
-9.905738644909999380e+01 1.940791002690000155e+01
-9.905747624030000509e+01 1.940704509529999910e+01
-9.905750895399999933e+01 1.940672996660000038e+01
-9.905752501279999933e+01 1.940657527529999982e+01
-9.905755010219999690e+01 1.940633358870000080e+01
-9.905760485019999351e+01 1.940580620560000114e+01
-9.905765166010000655e+01 1.940535529159999939e+01
-9.905770304639999324e+01 1.940486028819999831e+01
-9.905771611919999486e+01 1.940473435539999869e+01
-9.905775762909999571e+01 1.940433449040000013e+01
-9.905780784700000652e+01 1.940385073670000082e+01
-9.905785818159999678e+01 1.940336585189999852e+01
-9.905792456509999511e+01 1.940272636539999951e+01
-9.905810666540000398e+01 1.940097212690000106e+01
-9.905811934529999974e+01 1.940084997479999984e+01
-9.905813288049999699e+01 1.940071958049999878e+01
-9.905826756490000662e+01 1.940073584920000016e+01
-9.905831798289999313e+01 1.940028121010000106e+01
-9.905835396770000045e+01 1.939995601180000051e+01
-9.905837384420000546e+01 1.939977656339999967e+01
-9.905851224600000648e+01 1.939861237079999867e+01
-9.905855838310000649e+01 1.939829367300000129e+01
-9.905855797780000671e+01 1.939822415320000104e+01
-9.905866256039999485e+01 1.939714168280000095e+01
-9.905877427689999593e+01 1.939611606480000106e+01
-9.905882378370000652e+01 1.939570550859999898e+01
-9.905892687850000300e+01 1.939509241800000083e+01
-9.905897602650000522e+01 1.939453697629999951e+01
-9.905897694109999918e+01 1.939425461589999955e+01
-9.905908645069999352e+01 1.939376160500000168e+01
-9.905915926449999631e+01 1.939337015499999950e+01
-9.905918804030000047e+01 1.939325211030000062e+01
-9.905923245799999677e+01 1.939302739409999887e+01
-9.905935153049999542e+01 1.939228608089999994e+01
-9.905941788069999632e+01 1.939188919740000117e+01
-9.905944603419999339e+01 1.939165511070000036e+01
-9.905949348379999719e+01 1.939138885939999923e+01
-9.905952949810000518e+01 1.939121111580000090e+01
-9.905959790880000071e+01 1.939069646769999977e+01
-9.905971314990000565e+01 1.939000810359999960e+01
-9.905979697079999369e+01 1.938964994210000015e+01
-9.905999032580000119e+01 1.938829165790000175e+01
-9.906004276849999712e+01 1.938798473119999954e+01
-9.906016628940000146e+01 1.938732688720000041e+01
-9.906020749319999652e+01 1.938704705460000000e+01
-9.906025151250000249e+01 1.938673505759999927e+01
-9.906034951270000022e+01 1.938615744080000169e+01
-9.906037016659999495e+01 1.938606485409999891e+01
-9.906042789379999647e+01 1.938572146399999951e+01
-9.906051010790000078e+01 1.938525115350000050e+01
-9.906064434930000573e+01 1.938433880510000051e+01
-9.906078232289999619e+01 1.938351056560000174e+01
-9.906080010739999864e+01 1.938331679330000057e+01
-9.906083147069999484e+01 1.938313506509999939e+01
-9.906084839749999560e+01 1.938258832080000005e+01
-9.906152633240000682e+01 1.938269647990000166e+01
-9.906239206799999408e+01 1.938285045470000156e+01
-9.906324851109999940e+01 1.938299605050000096e+01
-9.906365960440000151e+01 1.938307249809999888e+01
-9.906412644300000636e+01 1.938314299230000159e+01
-9.906499763200000075e+01 1.938330660069999922e+01
-9.906583542900000339e+01 1.938346052409999842e+01
-9.906636556789999304e+01 1.938353710379999839e+01
-9.906673460480000415e+01 1.938371678520000074e+01
-9.906760555740000029e+01 1.938417225310000092e+01
-9.906895562210000605e+01 1.938486306200000087e+01
-9.906947800999999743e+01 1.938513100080000129e+01
-9.906994928599999639e+01 1.938537649279999897e+01
-9.907044408500000543e+01 1.938562559829999898e+01
-9.907072637580000674e+01 1.938577767510000172e+01
-9.907092204740000341e+01 1.938588272499999832e+01
-9.907137722000000224e+01 1.938614239629999858e+01
-9.907173516909999478e+01 1.938632720980000101e+01
-9.907212715490000221e+01 1.938651359889999881e+01
-9.907252503590000003e+01 1.938672423670000100e+01
-9.907301446270000156e+01 1.938695549099999837e+01
-9.907348923899999704e+01 1.938721166099999849e+01
-9.907391050309999514e+01 1.938743148149999840e+01
-9.907432965460000673e+01 1.938763717029999967e+01
-9.907484254640000643e+01 1.938789735250000135e+01
-9.907589340319999849e+01 1.938846974459999828e+01
-9.907631764539999608e+01 1.938868362470000051e+01
-9.907675815029999455e+01 1.938889944479999983e+01
-9.907726215149999405e+01 1.938914296060000098e+01
-9.907785300170000653e+01 1.938945486700000131e+01
-9.907835458569999787e+01 1.938972668679999956e+01
-9.907881143279999492e+01 1.938994842609999836e+01
-9.907885979110000108e+01 1.938997594299999960e+01
-9.907936173390000079e+01 1.939023122560000090e+01
-9.907938700280000432e+01 1.939024729440000172e+01
-9.907994086440000103e+01 1.939053240060000149e+01
-9.908037231880000206e+01 1.939077616169999985e+01
-9.908044819609999365e+01 1.939081594170000145e+01
-9.908069259549999686e+01 1.939093364180000023e+01
-9.908091296640000678e+01 1.939104854400000022e+01
-9.908105201060000411e+01 1.939111488280000017e+01
-9.908136765240000443e+01 1.939129134110000052e+01
-9.908142871510000305e+01 1.939131880709999933e+01
-9.908177542880000033e+01 1.939149996149999922e+01
-9.908191367230000424e+01 1.939155941530000149e+01
-9.908211276759999464e+01 1.939165712570000011e+01
-9.908237513589999423e+01 1.939179896299999939e+01
-9.908243968589999895e+01 1.939183353860000025e+01
-9.908279908090000276e+01 1.939203027490000153e+01
-9.908313963780000222e+01 1.939221597770000116e+01
-9.908320817940000325e+01 1.939224629230000119e+01
-9.908358291749999580e+01 1.939242774790000112e+01
-9.908364827370000683e+01 1.939247441579999887e+01
-9.908401799060000315e+01 1.939257215599999995e+01
-9.908403214599999842e+01 1.939249615700000007e+01
-9.908414313430000675e+01 1.939190027429999930e+01
-9.908422928880000313e+01 1.939146786079999885e+01
-9.908430523490000041e+01 1.939107585529999866e+01
-9.908432420789999640e+01 1.939095986739999944e+01
-9.908438442210000119e+01 1.939063506709999984e+01
-9.908452539190000152e+01 1.938992833140000016e+01
-9.908458373889999393e+01 1.938947527830000084e+01
-9.908490701249999688e+01 1.938967047859999937e+01
-9.908637436649999586e+01 1.939010283949999902e+01
-9.908652654249999614e+01 1.939015209149999919e+01
-9.908657048290000091e+01 1.939005736209999853e+01
-9.908665795779999996e+01 1.939006311809999872e+01
-9.908676750179999715e+01 1.939007239580000075e+01
-9.908686398490000613e+01 1.939009187139999923e+01
-9.908712685570000644e+01 1.939012992809999858e+01
-9.908749223360000258e+01 1.939018446749999924e+01
-9.908786022419999995e+01 1.939023701119999998e+01
-9.908824294939999788e+01 1.939028696629999970e+01
-9.908880136999999877e+01 1.939038230910000138e+01
-9.908899560330000611e+01 1.939007919999999885e+01
-9.908913521949999392e+01 1.938985787280000039e+01
-9.908932633060000228e+01 1.938955458459999903e+01
-9.908950343899999780e+01 1.938926683800000106e+01
-9.908967823449999912e+01 1.938899883990000106e+01
-9.908986695849999649e+01 1.938871543619999827e+01
-9.909021690769999680e+01 1.938817355169999956e+01
-9.909038828559999956e+01 1.938789912340000043e+01
-9.909047785689999444e+01 1.938775907710000013e+01
-9.909054820990000678e+01 1.938765278269999826e+01
-9.909073809059999860e+01 1.938736579869999943e+01
-9.909093833810000262e+01 1.938705548320000105e+01
-9.909116643449999629e+01 1.938670226019999987e+01
-9.909155719160000331e+01 1.938607089810000161e+01
-9.909189435999999773e+01 1.938554029539999846e+01
-9.909223754529999439e+01 1.938499981520000048e+01
-9.909231709719999515e+01 1.938486212720000168e+01
-9.909284595260000117e+01 1.938405327759999963e+01
-9.909289742769999521e+01 1.938390484430000171e+01
-9.909297925149999742e+01 1.938372900030000068e+01
-9.909314511179999840e+01 1.938349349299999957e+01
-9.909324500779999312e+01 1.938333803329999938e+01
-9.909353398979999383e+01 1.938288830890000014e+01
-9.909391129969999668e+01 1.938230112249999948e+01
-9.909435323569999809e+01 1.938161335310000055e+01
-9.909455673959999444e+01 1.938129664699999921e+01
-9.909471239009999977e+01 1.938105441000000084e+01
-9.909482691079999483e+01 1.938087618409999990e+01
-9.909488200660000246e+01 1.938079043850000005e+01
-9.909507306250000624e+01 1.938049309979999890e+01
-9.909526235059999522e+01 1.938019851250000158e+01
-9.909564764350000132e+01 1.937959887739999942e+01
-9.909598619509999651e+01 1.937974055879999824e+01
-9.909630057309999529e+01 1.937975307470000175e+01
-9.909666351959999986e+01 1.937978064709999870e+01
-9.909702051520000055e+01 1.937981012510000056e+01
-9.909728786479999485e+01 1.937983511999999919e+01
-9.909761423179999440e+01 1.937986859869999989e+01
-9.909796746000000667e+01 1.937990971569999843e+01
-9.909831408489999660e+01 1.937995360029999858e+01
-9.909872001390000662e+01 1.937999867339999938e+01
-9.909913581589999865e+01 1.938004523620000086e+01
-9.909951323849999483e+01 1.938008793499999882e+01
-9.910079372730000102e+01 1.938023202129999945e+01
-9.910109153179999453e+01 1.938024331209999929e+01
-9.910114424539999334e+01 1.938024207790000020e+01
-9.910125042549999819e+01 1.938023959139999874e+01
-9.910301785519999385e+01 1.938044738860000038e+01
-9.910336952759999463e+01 1.938051014439999875e+01
-9.910375534509999795e+01 1.938055718069999855e+01
-9.910426524659999359e+01 1.938062742989999876e+01
-9.910475404989999504e+01 1.938069007369999852e+01
-9.910510706040000173e+01 1.938073792699999842e+01
-9.910540278310000417e+01 1.938077559699999952e+01
-9.910566672849999748e+01 1.938080977170000097e+01
-9.910572452700000667e+01 1.938080973799999995e+01
-9.910593773559999420e+01 1.938083121400000053e+01
-9.910608935250000684e+01 1.938084830069999853e+01
-9.910630031419999852e+01 1.938086237359999942e+01
-9.910655864420000682e+01 1.938085605239999865e+01
-9.910674527000000467e+01 1.938086427709999882e+01
-9.910685357590000422e+01 1.938087526540000027e+01
-9.910692870770000695e+01 1.938088246790000113e+01
-9.910703846600000588e+01 1.938089322920000157e+01
-9.910720070710000584e+01 1.938090971080000102e+01
-9.910731474879999325e+01 1.938092128430000116e+01
-9.910736236869999516e+01 1.938092632880000110e+01
-9.910743373040000392e+01 1.938094087110000174e+01
-9.910767139329999509e+01 1.938096215490000063e+01
-9.910800568029999624e+01 1.938100163360000039e+01
-9.910852239499999428e+01 1.938106718259999894e+01
-9.910856936119999716e+01 1.938107046169999848e+01
-9.910875374830000339e+01 1.938109612319999897e+01
-9.910892920589999733e+01 1.938111993280000078e+01
-9.910918378629999381e+01 1.938114881339999940e+01
-9.910939807820000169e+01 1.938117314329999985e+01
-9.910943575509999448e+01 1.938117900909999847e+01
-9.911038686210000037e+01 1.938129280060000070e+01
-9.911041539110000542e+01 1.938129545569999834e+01
-9.911045894709999970e+01 1.938130199729999958e+01
-9.911052609479999376e+01 1.938130902170000169e+01
-9.911055643710000140e+01 1.938131154010000046e+01
-9.911058278890000395e+01 1.938131451319999954e+01
-9.911093602370000610e+01 1.938135592349999925e+01
-9.911112318269999832e+01 1.938140051370000094e+01
-9.911133401559999356e+01 1.938144167520000138e+01
-9.911156038750000619e+01 1.938148258520000056e+01
-9.911173025870000686e+01 1.938150952060000165e+01
-9.911195965710000166e+01 1.938154353139999841e+01
-9.911204633330000036e+01 1.938155539019999907e+01
-9.911220981510000172e+01 1.938157915920000107e+01
-9.911238077839999505e+01 1.938160958159999936e+01
-9.911259870569999464e+01 1.938164174119999927e+01
-9.911272051839999619e+01 1.938165869570000055e+01
-9.911283260150000274e+01 1.938167176170000161e+01
-9.911305775579999988e+01 1.938167842120000017e+01
-9.911311447750000525e+01 1.938167951850000037e+01
-9.911337947900000245e+01 1.938169404290000131e+01
-9.911356606180000028e+01 1.938170949299999890e+01
-9.911376024620000180e+01 1.938173115820000092e+01
-9.911391516339999441e+01 1.938175493030000140e+01
-9.911409679540000184e+01 1.938178253610000112e+01
-9.911440466819999529e+01 1.938182772680000099e+01
-9.911446477600000549e+01 1.938183620439999899e+01
-9.911473952389999909e+01 1.938188424410000010e+01
-9.911480514890000393e+01 1.938189344219999910e+01
-9.911504107429999522e+01 1.938191865739999997e+01
-9.911512717200000111e+01 1.938193287109999829e+01
-9.911530691190000653e+01 1.938195313860000013e+01
-9.911541100850000419e+01 1.938196240390000114e+01
-9.911558911459999877e+01 1.938197528930000146e+01
-9.911572969120000209e+01 1.938199952329999931e+01
-9.911583539010000266e+01 1.938201702949999827e+01
-9.911601835630000323e+01 1.938203672790000098e+01
-9.911614186079999911e+01 1.938205223949999834e+01
-9.911631985200000372e+01 1.938206474300000082e+01
-9.911647521109999559e+01 1.938208080960000146e+01
-9.911667095949999862e+01 1.938209269469999896e+01
-9.911676892939999561e+01 1.938210572590000069e+01
-9.911692115559999650e+01 1.938212234119999877e+01
-9.911702873420000515e+01 1.938212834169999965e+01
-9.911719625419999602e+01 1.938213775110000014e+01
-9.911736888980000515e+01 1.938214637529999962e+01
-9.911756589569999676e+01 1.938215263520000065e+01
-9.911766302159999498e+01 1.938215759959999929e+01
-9.911771456030000138e+01 1.938216069119999929e+01
-9.911778303670000412e+01 1.938216110209999954e+01
-9.911782441539999411e+01 1.938216362300000029e+01
-9.911793029289999879e+01 1.938216843509999876e+01
-9.911808890529999871e+01 1.938217617120000114e+01
-9.911817395910000528e+01 1.938218207570000118e+01
-9.911843079720000560e+01 1.938219924739999911e+01
-9.911880343890000233e+01 1.938222577890000053e+01
-9.911908259359999818e+01 1.938223994970000064e+01
-9.911936627100000408e+01 1.938225310980000060e+01
-9.911978603740000437e+01 1.938227835429999857e+01
-9.912011415150000460e+01 1.938229460450000019e+01
-9.912038791039999808e+01 1.938230950559999854e+01
-9.912055387329999689e+01 1.938231567560000101e+01
-9.912085165710000467e+01 1.938232968530000022e+01
-9.912112659919999658e+01 1.938234815150000045e+01
-9.912247651539999538e+01 1.938244068959999922e+01
-9.912255719460000591e+01 1.938149793459999870e+01
-9.912256263860000161e+01 1.938131199760000101e+01
-9.912259300819999908e+01 1.938027466710000013e+01
-9.912257647869999744e+01 1.938010768070000012e+01
-9.912258915450000529e+01 1.937890671399999931e+01
-9.912256598269999586e+01 1.937772026409999881e+01
-9.912253392030000043e+01 1.937569951389999900e+01
-9.912266369179999970e+01 1.937573796590000086e+01
-9.912316971250000108e+01 1.937583678440000057e+01
-9.912355424160000439e+01 1.937590032780000016e+01
-9.912398121409999874e+01 1.937597671250000175e+01
-9.912409433569999351e+01 1.937599987790000000e+01
-9.912440779930000190e+01 1.937605513820000169e+01
-9.912457971419999581e+01 1.937609629980000037e+01
-9.912501750799999911e+01 1.937619089229999858e+01
-9.912526668910000183e+01 1.937623194020000028e+01
-9.912543462499999691e+01 1.937626070889999852e+01
-9.912589266770000052e+01 1.937632839320000144e+01
-9.912597350800000129e+01 1.937634186369999867e+01
-9.912616889749999416e+01 1.937637996500000170e+01
-9.912639001070000688e+01 1.937641137499999999e+01
-9.912644470009999509e+01 1.937642260999999877e+01
-9.912666145289999520e+01 1.937647215000000145e+01
-9.912680137489999765e+01 1.937649803489999911e+01
-9.912724096639999516e+01 1.937656766039999923e+01
-9.912732371719999946e+01 1.937657956259999992e+01
-9.912744814520000602e+01 1.937659836090000098e+01
-9.912761597429999938e+01 1.937663435700000036e+01
-9.912782466790000058e+01 1.937667378100000093e+01
-9.912827864269999623e+01 1.937675856730000135e+01
-9.912836300099999676e+01 1.937677420929999883e+01
-9.912841352709999398e+01 1.937678493039999950e+01
-9.912910508059999870e+01 1.937690563019999956e+01
-9.912947758229999806e+01 1.937697566079999945e+01
-9.912953830479999340e+01 1.937699313830000136e+01
-9.912958051360000411e+01 1.937699811290000085e+01
-9.912969986429999381e+01 1.937702914710000002e+01
-9.913008173849999594e+01 1.937706751449999842e+01
-9.913019843269999853e+01 1.937707796569999985e+01
-9.913056878599999777e+01 1.937711467320000125e+01
-9.913084140089999607e+01 1.937713976299999885e+01
-9.913106998400000691e+01 1.937716949400000033e+01
-9.913140247130000660e+01 1.937720276840000011e+01
-9.913154985280000631e+01 1.937721524919999894e+01
-9.913200721500000157e+01 1.937725619720000125e+01
-9.913244846009999378e+01 1.937730294900000061e+01
-9.913287917430000107e+01 1.937734971809999962e+01
-9.913333143760000610e+01 1.937739678240000174e+01
-9.913385045649999938e+01 1.937744833740000061e+01
-9.913415139990000569e+01 1.937748046729999984e+01
-9.913503096380000557e+01 1.937740052350000042e+01
-9.913542468679999331e+01 1.937730624820000003e+01
-9.913548772199999348e+01 1.937718699159999858e+01
-9.913533201789999794e+01 1.937796078130000055e+01
-9.913499892180000472e+01 1.937926758680000106e+01
-9.913470646790000274e+01 1.938058096889999860e+01
-9.913456035219999762e+01 1.938129074740000135e+01
-9.913443580320000592e+01 1.938196751699999965e+01
-9.913439242020000108e+01 1.938216999850000022e+01
-9.913432411840000213e+01 1.938250963020000128e+01
-9.913420056389999502e+01 1.938316368790000155e+01
-9.913414516929999820e+01 1.938341443939999920e+01
-9.913392246569999600e+01 1.938447113169999980e+01
-9.913387620769999842e+01 1.938466351270000132e+01
-9.913362541840000119e+01 1.938577200230000130e+01
-9.913357734759999573e+01 1.938595969249999840e+01
-9.913345438800000409e+01 1.938646996119999955e+01
-9.913341024540000035e+01 1.938665314820000063e+01
-9.913321580400000244e+01 1.938749019890000014e+01
-9.913304508669999393e+01 1.938836753909999899e+01
-9.913300602699999331e+01 1.938856327230000076e+01
-9.913287890430000004e+01 1.938920633780000102e+01
-9.913276284890000056e+01 1.938973645489999953e+01
-9.913271713010000497e+01 1.938997962479999870e+01
-9.913267408279999415e+01 1.939018650630000096e+01
-9.913239781059999700e+01 1.939115720059999859e+01
-9.913236152940000068e+01 1.939131163309999906e+01
-9.913210714260000600e+01 1.939249183329999937e+01
-9.913206477190000498e+01 1.939266244939999950e+01
-9.913204193590000557e+01 1.939279338789999940e+01
-9.913188469349999821e+01 1.939354764449999990e+01
-9.913186146050000502e+01 1.939366980679999841e+01
-9.913168836760000602e+01 1.939452338819999966e+01
-9.913165589969999303e+01 1.939468266809999974e+01
-9.913147714250000320e+01 1.939555258860000109e+01
-9.913143173090000460e+01 1.939574565350000057e+01
-9.913129176290000544e+01 1.939627590870000162e+01
-9.913116309980000551e+01 1.939654062969999870e+01
-9.913103405859999384e+01 1.939672923190000020e+01
-9.913096717860000240e+01 1.939763790279999967e+01
-9.913094248660000574e+01 1.939895431709999940e+01
-9.913152224389999390e+01 1.939896030239999902e+01
-9.913186385260000577e+01 1.939896382830000121e+01
-9.913244601549999402e+01 1.939898693669999830e+01
-9.913294842060000178e+01 1.939901298359999871e+01
-9.913345125850000272e+01 1.939902356520000026e+01
-9.913404436589999591e+01 1.939903478969999995e+01
-9.913471299379999380e+01 1.939907035579999928e+01
-9.913526629499999387e+01 1.939909207339999853e+01
-9.913584331100000213e+01 1.939911158059999963e+01
-9.913631653519999531e+01 1.939913729250000074e+01
-9.913718232840000155e+01 1.939920032230000047e+01
-9.913705744470000525e+01 1.939985477460000141e+01
-9.913688648279999427e+01 1.940092537119999960e+01
-9.913682023820000211e+01 1.940134196320000015e+01
-9.913679463580000117e+01 1.940155672539999898e+01
-9.913658765270000117e+01 1.940281181259999954e+01
-9.913644192460000681e+01 1.940281064079999851e+01
-9.913625056390000623e+01 1.940284223009999920e+01
-9.913603939780000474e+01 1.940291082199999906e+01
-9.913587345150000374e+01 1.940305464549999925e+01
-9.913574984209999741e+01 1.940319691899999910e+01
-9.913563957360000245e+01 1.940328104310000157e+01
-9.913542121140000063e+01 1.940336256910000046e+01
-9.913516278870000065e+01 1.940334978619999973e+01
-9.913471908869999538e+01 1.940332287080000029e+01
-9.913429795519999743e+01 1.940329919119999857e+01
-9.913380021730000635e+01 1.940326467250000064e+01
-9.913324146070000609e+01 1.940323682480000045e+01
-9.913291244090000021e+01 1.940321320949999873e+01
-9.913273530419999702e+01 1.940320560989999876e+01
-9.913249893200000429e+01 1.940319142199999902e+01
-9.913218326780000211e+01 1.940316269850000097e+01
-9.913197557639999502e+01 1.940314827570000134e+01
-9.913161938170000553e+01 1.940312510420000081e+01
-9.913149834159999330e+01 1.940311855779999917e+01
-9.913111927689999447e+01 1.940310307029999848e+01
-9.913105721329999653e+01 1.940310560829999886e+01
-9.913085661030000040e+01 1.940311110900000102e+01
-9.913058845049999945e+01 1.940313023499999900e+01
-9.913052938689999394e+01 1.940313628950000080e+01
-9.913031100550000474e+01 1.940316488170000042e+01
-9.913003937269999710e+01 1.940320757619999981e+01
-9.912979123680000271e+01 1.940326148620000168e+01
-9.912950452210000662e+01 1.940333899799999884e+01
-9.912883522010000092e+01 1.940354582990000054e+01
-9.912831508729999541e+01 1.940369051529999922e+01
-9.912814357599999937e+01 1.940374191600000131e+01
-9.912792242230000284e+01 1.940381069749999909e+01
-9.912769508469999380e+01 1.940387626840000124e+01
-9.912751579349999531e+01 1.940392739449999837e+01
-9.912706416349999472e+01 1.940406777669999983e+01
-9.912647592989999623e+01 1.940418459709999865e+01
-9.912640447789999598e+01 1.940419627280000014e+01
-9.912569845710000038e+01 1.940433067569999892e+01
-9.912567127130000699e+01 1.940433494950000082e+01
-9.912393606899999554e+01 1.940463842200000144e+01
-9.912327483059999622e+01 1.940476726380000017e+01
-9.912228134699999771e+01 1.940494943959999929e+01
-9.912172015260000535e+01 1.940503233680000150e+01
-9.912160515150000606e+01 1.940504998709999995e+01
-9.912111722650000445e+01 1.940514102850000100e+01
-9.912101959829999487e+01 1.940515329589999993e+01
-9.912043175840000231e+01 1.940524655389999964e+01
-9.912014612980000550e+01 1.940529186670000072e+01
-9.911966549919999636e+01 1.940537388479999947e+01
-9.911880972999999528e+01 1.940551692189999855e+01
-9.911721983910000233e+01 1.940553782909999825e+01
-9.911638050439999859e+01 1.940554308080000112e+01
-9.911555106449999641e+01 1.940554828659999842e+01
-9.911506718779999403e+01 1.940555867730000017e+01
-9.911457146739999757e+01 1.940561547349999927e+01
-9.911441687730000183e+01 1.940565055200000089e+01
-9.911385187509999639e+01 1.940577876009999869e+01
-9.911363440079999521e+01 1.940580998720000139e+01
-9.911356353620000448e+01 1.940583947789999897e+01
-9.911348197450000441e+01 1.940586572129999965e+01
-9.911319568780000111e+01 1.940593930080000007e+01
-9.911218970989999377e+01 1.940613899110000062e+01
-9.911015320740000334e+01 1.940654322440000001e+01
-9.910739122549999536e+01 1.940711733810000084e+01
-9.910607628180000006e+01 1.940738937300000089e+01
-9.910560728699999800e+01 1.940748637560000134e+01
-9.910479260179999983e+01 1.940766040789999991e+01
-9.910353081329999725e+01 1.940792830850000072e+01
-9.910282416500000124e+01 1.940807387390000116e+01
-9.910190610050000259e+01 1.940826445929999977e+01
-9.910108491500000127e+01 1.940842970610000151e+01
-9.909968031629999530e+01 1.940871171690000097e+01
-9.909890907300000151e+01 1.940885089749999892e+01
-9.909808163649999813e+01 1.940892463429999992e+01
-9.909804342489999840e+01 1.940913783419999916e+01
-9.909796675030000301e+01 1.940914291720000051e+01
-9.909753718599999672e+01 1.940916298699999842e+01
-9.909721999319999952e+01 1.940916936769999879e+01
-9.909702609539999685e+01 1.940916472190000164e+01
-9.909642790450000405e+01 1.940914662650000011e+01
-9.909612329869999314e+01 1.940911606199999895e+01
-9.909570673929999884e+01 1.940906085880000020e+01
-9.909559313159999761e+01 1.940904547270000080e+01
-9.909517055140000252e+01 1.940898823850000099e+01
-9.909475732020000294e+01 1.940893227109999941e+01
-9.909432608820000610e+01 1.940887386329999842e+01
-9.909390700490000370e+01 1.940881710049999853e+01
-9.909350070649999509e+01 1.940876206769999968e+01
-9.909305431219999605e+01 1.940870160400000088e+01
-9.909301500659999817e+01 1.940869582590000064e+01
-9.909233619389999603e+01 1.940859604259999927e+01
-9.909164325749999591e+01 1.940849418020000172e+01
-9.909159496089999664e+01 1.940848707969999865e+01
-9.909105168320000701e+01 1.940840721569999872e+01
-9.909026084479999952e+01 1.940829095469999999e+01
-9.908952839490000031e+01 1.940818327439999891e+01
-9.908889811779999945e+01 1.940809061299999883e+01
-9.908825659309999878e+01 1.940799629600000031e+01
-9.908745938229999695e+01 1.940788155030000084e+01
-9.908687490920000585e+01 1.940779876599999909e+01
-9.908638200229999882e+01 1.940772895039999923e+01
-9.908582926280000436e+01 1.940765065669999956e+01
-9.908526665489999630e+01 1.940757096449999963e+01
-9.908470905039999366e+01 1.940749370920000061e+01
-9.908412072350000699e+01 1.940741219459999911e+01
-9.908361572040000453e+01 1.940734003600000079e+01
-9.908305591479999919e+01 1.940726004629999935e+01
-9.908250216630000295e+01 1.940718091889999997e+01
-9.908193533380000417e+01 1.940710568900000155e+01
-9.908128471759999911e+01 1.940701933780000132e+01
-9.908083125199999586e+01 1.940695838859999967e+01
-9.908022696269999585e+01 1.940688499599999872e+01
-9.907990881720000687e+01 1.940687092750000176e+01
-9.907979008270000065e+01 1.940686989749999825e+01
-9.907972608800000103e+01 1.940686828669999997e+01
-9.907945912959999646e+01 1.940690110939999968e+01
-9.907907348230000366e+01 1.940700123630000107e+01
-9.907897827159999338e+01 1.940703907110000159e+01
-9.907852147049999303e+01 1.940699214969999886e+01
-9.907824041429999795e+01 1.940705027719999975e+01
-9.907797853700000701e+01 1.940714757730000173e+01
-9.907755167009999298e+01 1.940768818060000100e+01
-9.907709141009999598e+01 1.940842526639999832e+01
-9.907712531309999804e+01 1.940844283310000051e+01
-9.907731275669999604e+01 1.940853990100000104e+01
-9.907711560650000138e+01 1.940879580409999861e+01
-9.907700741700000435e+01 1.940896419759999958e+01
-9.907690112779999936e+01 1.940913160739999910e+01
-9.907668392639999411e+01 1.940945459159999942e+01
-9.907634474600000374e+01 1.940994670979999981e+01
-9.907611595340000576e+01 1.941025658259999886e+01
-9.907589852830000154e+01 1.941057865390000003e+01
-9.907564315429999624e+01 1.941098046009999933e+01
-9.907545783250000682e+01 1.941127204500000047e+01
-9.907528971659999684e+01 1.941154184930000071e+01
-9.907510240519999911e+01 1.941183785739999834e+01
-9.907475699969999994e+01 1.941236296579999987e+01
-9.907443870080000181e+01 1.941285492480000130e+01
-9.907401790670000707e+01 1.941348919200000012e+01
-9.907377727470000650e+01 1.941385809679999852e+01
-9.907351243120000106e+01 1.941427218780000175e+01
-9.907340662340000392e+01 1.941438366070000043e+01
-9.907332310910000217e+01 1.941451284440000080e+01
-9.907327765399999464e+01 1.941459243390000111e+01
-9.907325830819999624e+01 1.941462317659999925e+01
-9.907319930900000315e+01 1.941471741510000015e+01
-9.907226535159999514e+01 1.941620686550000130e+01
-9.907143072479999546e+01 1.941755429950000078e+01
-9.907133790749999491e+01 1.941770785450000147e+01
-9.907061669140000504e+01 1.941881033559999992e+01
-9.907031004770000493e+01 1.941928515249999876e+01
-9.906992064749999827e+01 1.941987432139999825e+01
-9.906975973219999787e+01 1.942005460849999920e+01
-9.906949545640000565e+01 1.942025280049999836e+01
-9.906929258249999748e+01 1.942037534159999979e+01
-9.906902087950000180e+01 1.942052417740000081e+01
-9.906874329560000092e+01 1.942063553019999844e+01
-9.906844195339999715e+01 1.942073384929999946e+01
-9.906823559869999940e+01 1.942077751309999911e+01
-9.906795255330000316e+01 1.942080319280000111e+01
-9.906787850979999632e+01 1.942080406079999833e+01
-9.906573011899999415e+01 1.942081919150000147e+01
-9.906478608589999624e+01 1.942082583230000026e+01
-9.906367731570000501e+01 1.942081234120000133e+01
-9.906166132949999792e+01 1.942082884270000065e+01
-9.905986086869999951e+01 1.942084356160000169e+01
-9.905792215709999482e+01 1.942088671570000002e+01
-9.905786204890000590e+01 1.942090635450000136e+01
-9.905775209470000675e+01 1.942094632199999893e+01
-9.905757580329999712e+01 1.942101261499999865e+01
-9.905740530170000113e+01 1.942107357169999915e+01
-9.905726339029999394e+01 1.942113115829999970e+01
-9.905712660999999741e+01 1.942118603999999848e+01
-9.905702648579999448e+01 1.942124273639999998e+01
-9.905692328419999626e+01 1.942130392820000040e+01
-9.905682565210000234e+01 1.942135985650000052e+01
-9.905671036190000223e+01 1.942144388519999865e+01
-9.905655850150000674e+01 1.942156471619999891e+01
-9.905638795609999647e+01 1.942171434160000132e+01
-9.905628580020000129e+01 1.942183497410000115e+01
-9.905620688310000332e+01 1.942195077699999928e+01
-9.905613999400000580e+01 1.942207969109999866e+01
-9.905604532690000497e+01 1.942223444420000078e+01
-9.905578648869999370e+01 1.942214108150000129e+01
