-9.905813288049999699e+01 1.940071958049999878e+01
-9.905813572719999627e+01 1.940069215369999966e+01
-9.905793235679999498e+01 1.940060871369999873e+01
-9.905761125109999909e+01 1.940047696879999961e+01
-9.905630072680000353e+01 1.939993926840000071e+01
-9.905611306519999459e+01 1.939986227130000174e+01
-9.905557055639999930e+01 1.939963967999999994e+01
-9.905496077979999825e+01 1.939938948429999854e+01
-9.905490922149999733e+01 1.939936595040000000e+01
-9.905490866079999535e+01 1.939936569389999832e+01
-9.905392854209999598e+01 1.939891830290000030e+01
-9.905379197320000628e+01 1.939885562330000113e+01
-9.905331961480000302e+01 1.939863883079999951e+01
-9.905290603129999738e+01 1.939844901160000035e+01
-9.905257142860000386e+01 1.939829740240000078e+01
-9.905245977420000258e+01 1.939824681190000177e+01
-9.905186063600000068e+01 1.939797533879999847e+01
-9.905139853980000453e+01 1.939776595820000082e+01
-9.905131825089999609e+01 1.939772957859999991e+01
-9.905087011850000067e+01 1.939752652299999980e+01
-9.905065876000000458e+01 1.939743075310000009e+01
-9.905050848809999309e+01 1.939736266239999907e+01
-9.905011097499999551e+01 1.939718058620000107e+01
-9.904963938829999393e+01 1.939696457950000053e+01
-9.904924797750000209e+01 1.939678529609999913e+01
-9.904915257179999344e+01 1.939674159560000177e+01
-9.904884794880000243e+01 1.939660206379999963e+01
-9.904845346029999575e+01 1.939642136719999854e+01
-9.904815346339999849e+01 1.939628395240000103e+01
-9.904800899679999304e+01 1.939621777860000051e+01
-9.904778496180000502e+01 1.939611515760000060e+01
-9.904739739090000228e+01 1.939594049520000141e+01
-9.904703938769999638e+01 1.939577915579999967e+01
-9.904686619870000186e+01 1.939570110529999880e+01
-9.904631434750000096e+01 1.939545240400000026e+01
-9.904578773160000082e+01 1.939521507259999922e+01
-9.904567509929999858e+01 1.939516431210000036e+01
-9.904525033650000410e+01 1.939497288080000104e+01
-9.904472387459999538e+01 1.939473561490000009e+01
-9.904459672859999841e+01 1.939467831179999990e+01
-9.904447355269999775e+01 1.939462279800000033e+01
-9.904432902099999581e+01 1.939455705450000167e+01
-9.904390539809999439e+01 1.939436435869999897e+01
-9.904348341319999349e+01 1.939417240690000099e+01
-9.904325351910000563e+01 1.939406783229999931e+01
-9.904306767430000491e+01 1.939398329469999993e+01
-9.904269868219999751e+01 1.939381544489999953e+01
-9.904228547210000499e+01 1.939362748019999927e+01
-9.904228046900000493e+01 1.939362520379999921e+01
-9.904227546670000493e+01 1.939362292839999924e+01
-9.904176416100000324e+01 1.939339034019999986e+01
-9.904160712450000403e+01 1.939331890509999923e+01
-9.904120398019999527e+01 1.939313337180000119e+01
-9.904085268229999883e+01 1.939297169789999842e+01
-9.904082491360000517e+01 1.939295891829999974e+01
-9.904044627909999576e+01 1.939278466249999866e+01
-9.904015014290000352e+01 1.939264837340000014e+01
-9.904002734659999874e+01 1.939259185939999952e+01
-9.903971818259999793e+01 1.939244957369999867e+01
-9.903928874810000593e+01 1.939225193420000082e+01
-9.903888907140000697e+01 1.939206798960000100e+01
-9.903850548290000688e+01 1.939189144819999910e+01
-9.903850404390000506e+01 1.939189078569999936e+01
-9.903850260580000509e+01 1.939189012319999961e+01
-9.903810465009999575e+01 1.939170696869999944e+01
-9.903771396889999323e+01 1.939152715919999892e+01
-9.903731662890000109e+01 1.939134428479999883e+01
-9.903712966870000400e+01 1.939125823650000058e+01
-9.903694388120000269e+01 1.939117272840000084e+01
-9.903650016790000166e+01 1.939096850780000025e+01
-9.903615300190000426e+01 1.939080878809999930e+01
-9.903574818500000276e+01 1.939062254530000118e+01
-9.903572368650000612e+01 1.939061127420000119e+01
-9.903532015269999533e+01 1.939042561990000024e+01
-9.903491127739999911e+01 1.939023750650000011e+01
-9.903462701440000160e+01 1.939010672339999886e+01
-9.903459004290000678e+01 1.939008971330000008e+01
-9.903385265580000407e+01 1.938975045440000144e+01
-9.903363140070000270e+01 1.938964865839999874e+01
-9.903345412470000042e+01 1.938956709640000042e+01
-9.903306266570000105e+01 1.938938698959999840e+01
-9.903288398639999457e+01 1.938930478050000161e+01
-9.903266979040000706e+01 1.938920623070000104e+01
-9.903227922489999457e+01 1.938902653279999910e+01
-9.903189280140000506e+01 1.938884873940000020e+01
-9.903148871269999631e+01 1.938866281680000014e+01
-9.903141974220000066e+01 1.938863108290000170e+01
-9.903104074530000389e+01 1.938845670350000105e+01
-9.903080729469999710e+01 1.938834929120000083e+01
-9.903066656560000069e+01 1.938828593199999872e+01
-9.903028401820000681e+01 1.938811370109999999e+01
-9.902995417949999535e+01 1.938796519910000171e+01
-9.902986932849999846e+01 1.938792699680000098e+01
-9.902948568440000088e+01 1.938775426850000017e+01
-9.902907824490000621e+01 1.938757082629999928e+01
-9.902907371169999351e+01 1.938756878530000094e+01
-9.902906917839999323e+01 1.938756674429999904e+01
-9.902869028140000296e+01 1.938739615160000085e+01
-9.902829654020000305e+01 1.938721887399999844e+01
-9.902792764679999493e+01 1.938705278309999969e+01
-9.902766701039999475e+01 1.938693543260000141e+01
-9.902747950340000216e+01 1.938685100829999897e+01
-9.902704327969999554e+01 1.938665459910000166e+01
-9.902666749969999671e+01 1.938648540379999829e+01
-9.902630336080000006e+01 1.938632144869999863e+01
-9.902624396529999729e+01 1.938629470529999921e+01
-9.902588450909999551e+01 1.938613285750000159e+01
-9.902549786710000035e+01 1.938595876799999829e+01
-9.902522842300000150e+01 1.938583744680000009e+01
-9.902495899160000192e+01 1.938571613090000056e+01
-9.902488748279999697e+01 1.938568393270000101e+01
-9.902480535690000352e+01 1.938564695390000026e+01
-9.902440712679999990e+01 1.938546764319999838e+01
-9.902401793549999809e+01 1.938529240149999922e+01
-9.902363370669999654e+01 1.938511939240000004e+01
-9.902350178080000376e+01 1.938505998870000013e+01
-9.902317455530000245e+01 1.938491264540000003e+01
-9.902276345360000676e+01 1.938472753299999951e+01
-9.902271441439999933e+01 1.938470545159999858e+01
-9.902236468130000446e+01 1.938454797170000177e+01
-9.902235224519999690e+01 1.938454237219999854e+01
-9.902195764299999325e+01 1.938436468709999971e+01
-9.902192763070000581e+01 1.938435117290000065e+01
-9.902155248180000058e+01 1.938418224580000171e+01
-9.902116692590000468e+01 1.938400863160000043e+01
-9.902111202860000105e+01 1.938398391140000143e+01
-9.902075440660000538e+01 1.938382287430000162e+01
-9.902034844770000177e+01 1.938364007059999850e+01
-9.902033773719999488e+01 1.938363477680000102e+01
-9.902006411019999632e+01 1.938349954250000096e+01
-9.901994947650000256e+01 1.938344288709999930e+01
-9.901957204919999356e+01 1.938325634979999990e+01
-9.901955189150000081e+01 1.938324585220000174e+01
-9.901914630900000702e+01 1.938303463940000171e+01
-9.901877674700000398e+01 1.938284218400000114e+01
-9.901871805410000604e+01 1.938281161860000168e+01
-9.901832866540000566e+01 1.938260883679999935e+01
-9.901798615219999533e+01 1.938243046399999869e+01
-9.901794938909999644e+01 1.938241131910000092e+01
-9.901752906570000334e+01 1.938219242410000120e+01
-9.901720427710000649e+01 1.938202328059999857e+01
-9.901716646250000053e+01 1.938200358739999984e+01
-9.901701541330000111e+01 1.938192450309999870e+01
-9.901691918529999725e+01 1.938187412150000100e+01
-9.901652166329999716e+01 1.938166599230000031e+01
-9.901641977229999725e+01 1.938161264509999882e+01
-9.901603612450000469e+01 1.938141264220000082e+01
-9.901579185079999945e+01 1.938128529629999974e+01
-9.901560556229999577e+01 1.938118817910000047e+01
-9.901513226459999828e+01 1.938094143549999870e+01
-9.901512221989999318e+01 1.938093614539999976e+01
-9.901466148020000446e+01 1.938069349870000124e+01
-9.901462003880000395e+01 1.938067167350000020e+01
-9.901419063810000409e+01 1.938044553030000117e+01
-9.901407438600000432e+01 1.938038430599999984e+01
-9.901373820000000592e+01 1.938020725120000165e+01
-9.901330976600000611e+01 1.937998161310000000e+01
-9.901328448149999417e+01 1.937996829669999954e+01
-9.901280939759999455e+01 1.937971808720000055e+01
-9.901251773469999762e+01 1.937956447770000068e+01
-9.901236312720000399e+01 1.937948305049999931e+01
-9.901189034520000121e+01 1.937923404909999903e+01
-9.901176688539999304e+01 1.937916902599999958e+01
-9.901147307550000676e+01 1.937901428280000005e+01
-9.901098271419999719e+01 1.937875601980000084e+01
-9.901096908670000118e+01 1.937874884269999853e+01
-9.901053340599999331e+01 1.937851937639999989e+01
-9.901016471570000022e+01 1.937832519239999840e+01
-9.900985334749999822e+01 1.937813905129999981e+01
-9.900962094029999605e+01 1.937800011330000061e+01
-9.900957539780000616e+01 1.937797288739999857e+01
-9.900945467539999356e+01 1.937790071639999923e+01
-9.900944688129999349e+01 1.937789605669999915e+01
-9.900932437269999298e+01 1.937782309179999984e+01
-9.900922691979999968e+01 1.937776504949999890e+01
-9.900922217619999799e+01 1.937776222449999963e+01
-9.900913266679999936e+01 1.937770891279999930e+01
-9.900897464140000181e+01 1.937761479359999939e+01
-9.900877073159999497e+01 1.937749334540000135e+01
-9.900865829059999612e+01 1.937742637590000072e+01
-9.900855948199999546e+01 1.937736752520000039e+01
-9.900844247669999731e+01 1.937729783740000045e+01
-9.900801708560000236e+01 1.937704447320000156e+01
-9.900774301849999404e+01 1.937688123639999915e+01
-9.900768334660000392e+01 1.937684569529999834e+01
-9.900731064049999475e+01 1.937662370860000038e+01
-9.900691731509999727e+01 1.937638943840000039e+01
-9.900651785920000236e+01 1.937615151449999829e+01
-9.900616016589999901e+01 1.937593846349999893e+01
-9.900578569200000345e+01 1.937571541699999855e+01
-9.900569060390000686e+01 1.937565877950000015e+01
-9.900540872460000230e+01 1.937549088389999952e+01
-9.900504061469999328e+01 1.937527162610000175e+01
-9.900479152159999785e+01 1.937512325699999849e+01
-9.900462327179999988e+01 1.937502304079999860e+01
-9.900423385640000618e+01 1.937479108870000033e+01
-9.900422304949999841e+01 1.937478485120000116e+01
-9.900379056209999362e+01 1.937453523490000151e+01
-9.900332847399999991e+01 1.937426853210000033e+01
-9.900294724770000698e+01 1.937404849820000052e+01
-9.900291460690000633e+01 1.937402965900000140e+01
-9.900264844270000708e+01 1.937387603559999860e+01
-9.900223805410000466e+01 1.937363916789999863e+01
-9.900182806489999621e+01 1.937340252910000160e+01
-9.900141446140000312e+01 1.937316380220000056e+01
-9.900101449989999480e+01 1.937293294750000072e+01
-9.900061422400000311e+01 1.937270190979999995e+01
-9.900019656310000471e+01 1.937246083559999832e+01
-9.900015740739999615e+01 1.937243823460000058e+01
-9.900008071189999725e+01 1.937239396620000065e+01
-9.899979780479999647e+01 1.937222734759999909e+01
-9.899945042340000612e+01 1.937202275730000167e+01
-9.899939647029999890e+01 1.937199098110000151e+01
-9.899901232850000099e+01 1.937176473879999961e+01
-9.899862367410000275e+01 1.937153583690000147e+01
-9.899834613650000392e+01 1.937137237700000014e+01
-9.899821193799999719e+01 1.937129333829999922e+01
-9.899805234820000521e+01 1.937119934560000090e+01
-9.899788378179999881e+01 1.937110006549999852e+01
-9.899762616479999622e+01 1.937094833689999973e+01
-9.899749347409999700e+01 1.937087018560000118e+01
-9.899722821780000004e+01 1.937071395679999952e+01
-9.899716888749999555e+01 1.937067901289999838e+01
-9.899680975959999785e+01 1.937046749419999969e+01
-9.899680660399999965e+01 1.937046563550000045e+01
-9.899680344840000146e+01 1.937046377680000120e+01
-9.899647053169999822e+01 1.937026769519999903e+01
-9.899637739119999935e+01 1.937021283700000041e+01
-9.899616106519999903e+01 1.937008542399999911e+01
-9.899604908850000129e+01 1.937001947130000090e+01
-9.899582492499999375e+01 1.936988744199999957e+01
-9.899560586580000177e+01 1.936975841810000176e+01
-9.899560422390000269e+01 1.936975745120000170e+01
-9.899560258210000541e+01 1.936975648339999978e+01
-9.899533050700000558e+01 1.936959623390000118e+01
-9.899513246329999561e+01 1.936947958740000075e+01
-9.899488285159999634e+01 1.936933256680000071e+01
-9.899471677719999718e+01 1.936923474920000032e+01
-9.899459998739999378e+01 1.936916595960000009e+01
-9.899428353339999376e+01 1.936897956769999851e+01
-9.899428013460000386e+01 1.936897756629999989e+01
-9.899427673590000154e+01 1.936897556410000121e+01
-9.899395356830000026e+01 1.936878521579999912e+01
-9.899387251480000316e+01 1.936873747510000143e+01
-9.899361178319999510e+01 1.936858390089999915e+01
-9.899344068599999957e+01 1.936848312309999898e+01
-9.899324674640000410e+01 1.936836889010000107e+01
-9.899304864590000363e+01 1.936825220629999933e+01
-9.899294542239999828e+01 1.936819140580000109e+01
-9.899261754030000304e+01 1.936799827700000165e+01
-9.899261253369999736e+01 1.936799532839999927e+01
-9.899260752719999346e+01 1.936799237889999858e+01
-9.899227347170000257e+01 1.936779561239999836e+01
-9.899219402720000005e+01 1.936774881799999903e+01
-9.899193917969999745e+01 1.936759870639999903e+01
-9.899189394489999927e+01 1.936755398289999874e+01
-9.899179997820000665e+01 1.936746107829999985e+01
-9.899175538010000253e+01 1.936700376889999831e+01
-9.899180696530000034e+01 1.936686497999999901e+01
-9.899187014310000166e+01 1.936669500229999841e+01
-9.899188364089999936e+01 1.936663982689999841e+01
-9.899191780949999497e+01 1.936650014940000020e+01
-9.899194772820000310e+01 1.936637784679999896e+01
-9.899195798690000458e+01 1.936633591180000025e+01
-9.899198652009999932e+01 1.936621927130000032e+01
-9.899203703370000085e+01 1.936601277870000004e+01
-9.899205473710000547e+01 1.936594040960000029e+01
-9.899218458199999304e+01 1.936540961900000113e+01
-9.899225139179999644e+01 1.936513650890000093e+01
-9.899228668470000514e+01 1.936499223350000065e+01
-9.899233913700000187e+01 1.936477781290000166e+01
-9.899241835930000377e+01 1.936445395959999871e+01
-9.899246668009999439e+01 1.936425642700000083e+01
-9.899249733359999937e+01 1.936413111550000110e+01
-9.899257630740000025e+01 1.936380827329999832e+01
-9.899259576080000045e+01 1.936372874990000170e+01
-9.899262544329999969e+01 1.936360740699999994e+01
-9.899267748309999604e+01 1.936339466749999971e+01
-9.899273916280000662e+01 1.936314251889999838e+01
-9.899277321099999938e+01 1.936300333049999978e+01
-9.899277679200000080e+01 1.936298869239999831e+01
-9.899285864649999667e+01 1.936265407089999968e+01
-9.899286777330000575e+01 1.936262004499999989e+01
-9.899290822359999709e+01 1.936246923419999888e+01
-9.899292725949999294e+01 1.936239826470000125e+01
-9.899297355170000401e+01 1.936222567509999948e+01
-9.899302004969999302e+01 1.936205232040000013e+01
-9.899311008249999588e+01 1.936171664869999987e+01
-9.899314531960000352e+01 1.936158527959999986e+01
-9.899338521340000341e+01 1.936069088089999823e+01
-9.899346759830000053e+01 1.936038372289999998e+01
-9.899351556790000473e+01 1.936029319040000019e+01
-9.899359366310000041e+01 1.936014580470000013e+01
-9.899406227219999721e+01 1.935926141070000028e+01
-9.899417526919999943e+01 1.935904815290000158e+01
-9.899444778679999501e+01 1.935884610769999981e+01
-9.899454727959999900e+01 1.935856643969999880e+01
-9.899455666699999767e+01 1.935814132550000011e+01
-9.899427203870000369e+01 1.935785183799999842e+01
-9.899375184870000055e+01 1.935737988169999824e+01
-9.899250322710000205e+01 1.935633281690000018e+01
-9.899247243320000678e+01 1.935630699349999873e+01
-9.899160621900000478e+01 1.935558059239999906e+01
-9.899146742480000682e+01 1.935546419980000010e+01
-9.899136193670000239e+01 1.935536357470000013e+01
-9.899099235539999597e+01 1.935501102939999996e+01
-9.899088608639999620e+01 1.935490965900000049e+01
-9.899073085269999694e+01 1.935476158000000169e+01
-9.899059359679999659e+01 1.935463064949999890e+01
-9.899010643770000684e+01 1.935416594180000160e+01
-9.898962504300000376e+01 1.935370672639999867e+01
-9.898917576130000384e+01 1.935327814160000059e+01
-9.898877699780000228e+01 1.935289774459999990e+01
-9.898809331329999850e+01 1.935224554159999855e+01
-9.898761353449999945e+01 1.935178177590000104e+01
-9.898758362620000639e+01 1.935175286580000176e+01
-9.898717471940000223e+01 1.935135760520000048e+01
-9.898603867660000333e+01 1.935025945519999979e+01
-9.898586834740000029e+01 1.935009480560000128e+01
-9.898545729250000136e+01 1.934969745389999929e+01
-9.898521019310000213e+01 1.934945858969999932e+01
-9.898481735689999539e+01 1.934907884629999941e+01
-9.898470438859999376e+01 1.934896964260000018e+01
-9.898448503800000253e+01 1.934875760059999905e+01
-9.898386161230000369e+01 1.934816392389999962e+01
-9.898256035549999865e+01 1.934692473590000006e+01
-9.898238793400000191e+01 1.934676053669999973e+01
-9.898222997089999353e+01 1.934661010559999994e+01
-9.898149922049999816e+01 1.934591419690000080e+01
-9.898127318839999589e+01 1.934569493420000086e+01
-9.898066021859999353e+01 1.934510031749999825e+01
-9.897986987189999297e+01 1.934433362600000095e+01
-9.897963098930000569e+01 1.934410189149999937e+01
-9.897950095400000237e+01 1.934397574580000168e+01
-9.897919408779999628e+01 1.934367805950000019e+01
-9.897902224269999749e+01 1.934351135400000032e+01
-9.897899575009999751e+01 1.934348565399999842e+01
-9.897879332079999415e+01 1.934328927920000041e+01
-9.897854251079999699e+01 1.934299254240000110e+01
-9.897807752839999296e+01 1.934244241280000054e+01
-9.897806338809999716e+01 1.934242568390000017e+01
-9.897780842429999382e+01 1.934212402900000072e+01
-9.897752733190000640e+01 1.934164971559999913e+01
-9.897727752519999456e+01 1.934122819039999897e+01
-9.897716208479999977e+01 1.934103339389999832e+01
-9.897645634970000117e+01 1.933984303920000158e+01
-9.897611251179999670e+01 1.933931029609999896e+01
-9.897582462990000352e+01 1.933886424900000023e+01
-9.897547967289999349e+01 1.933832976360000089e+01
-9.897521552679999957e+01 1.933803160589999948e+01
-9.897495972170000300e+01 1.933774285979999874e+01
-9.897463699429999906e+01 1.933737857239999869e+01
-9.897432515229999694e+01 1.933702656999999903e+01
-9.897286894890000042e+01 1.933579936810000177e+01
-9.897278818979999926e+01 1.933573130810000151e+01
-9.897255753090000496e+01 1.933554708420000168e+01
-9.897163347289999535e+01 1.933480904769999853e+01
-9.897055561860000239e+01 1.933388570460000011e+01
-9.896837860729999647e+01 1.933203131289999988e+01
-9.896810854180000661e+01 1.933180126370000096e+01
-9.896802920470000231e+01 1.933173368210000120e+01
-9.896767387779999581e+01 1.933143100419999882e+01
-9.896727538749999553e+01 1.933109155529999867e+01
-9.896720277139999666e+01 1.933102969799999826e+01
-9.896691686970000035e+01 1.933078615410000012e+01
-9.896677840280000282e+01 1.933067117950000124e+01
-9.896651933709999582e+01 1.933045606370000158e+01
-9.896606331879999630e+01 1.933007740649999917e+01
-9.896544812530000002e+01 1.932956657509999943e+01
-9.896537317029999770e+01 1.932950433570000115e+01
-9.896528685330000030e+01 1.932943266110000025e+01
-9.896399667500000419e+01 1.932836132459999945e+01
-9.896088077800000349e+01 1.932573652829999844e+01
-9.896045087779999960e+01 1.932537437110000056e+01
-9.896044824329999301e+01 1.932537215250000173e+01
-9.896096813590000352e+01 1.932539876879999952e+01
-9.896618572449999363e+01 1.932566331869999843e+01
-9.896635192460000496e+01 1.932567174249999908e+01
-9.896827530359999514e+01 1.932572252590000161e+01
-9.896831469410000182e+01 1.932566616769999968e+01
-9.896861777479999489e+01 1.932523252409999870e+01
-9.896896024340000508e+01 1.932474252269999937e+01
-9.896904582770000047e+01 1.932475072860000154e+01
-9.896930710780000595e+01 1.932477577939999946e+01
-9.896986461059999840e+01 1.932485374730000061e+01
-9.897039264939999725e+01 1.932492759289999995e+01
-9.897079227929999945e+01 1.932518233000000052e+01
-9.897118338789999825e+01 1.932543163349999915e+01
-9.897470915990000151e+01 1.932566722880000043e+01
-9.897532368340000630e+01 1.932564349669999970e+01
-9.897595639639999376e+01 1.932494675890000124e+01
-9.897629244709999341e+01 1.932493839320000006e+01
-9.897622819180000420e+01 1.932429620559999961e+01
-9.897651651469999479e+01 1.932425568609999900e+01
-9.897659050769999567e+01 1.932494756599999874e+01
-9.897694180839999945e+01 1.932506816860000143e+01
-9.897739737880000632e+01 1.932522537759999892e+01
-9.897749385800000255e+01 1.932476858820000132e+01
-9.897804562269999451e+01 1.932499235479999911e+01
-9.897792659899999990e+01 1.932528518670000039e+01
-9.897820309489999602e+01 1.932533108319999826e+01
-9.897833027260000449e+01 1.932464154839999892e+01
-9.897848704819999455e+01 1.932461011679999885e+01
-9.897856031320000625e+01 1.932390249830000073e+01
-9.897892779110000561e+01 1.932393054550000144e+01
-9.897933936610000671e+01 1.932396195809999995e+01
-9.897970799680000198e+01 1.932402990210000127e+01
-9.898019444349999674e+01 1.932414680489999981e+01
-9.898026436690000196e+01 1.932419008990000009e+01
-9.898060733490000018e+01 1.932465664569999930e+01
-9.897956742930000473e+01 1.932578703309999923e+01
-9.897986822900000448e+01 1.932613958239999974e+01
-9.898089259450000554e+01 1.932618748379999829e+01
-9.898653470269999843e+01 1.932644824659999827e+01
-9.898939318470000615e+01 1.932658056520000045e+01
-9.899294030289999569e+01 1.932674466090000109e+01
-9.899797143860000403e+01 1.932697729059999858e+01
-9.900135430609999787e+01 1.932713362919999867e+01
-9.900755103599999529e+01 1.932517088499999858e+01
-9.900944902720000584e+01 1.932456979639999872e+01
-9.901873975110000003e+01 1.932162710209999901e+01
-9.902596113730000127e+01 1.931933817690000055e+01
-9.902597627069999930e+01 1.931933389550000157e+01
-9.903491639480000686e+01 1.931680388210000032e+01
-9.903873289649999379e+01 1.931572583619999861e+01
-9.903885280880000153e+01 1.931564603980000072e+01
-9.903903398239999945e+01 1.931541501019999885e+01
-9.903915598679999732e+01 1.931522794079999983e+01
-9.903924246799999764e+01 1.931509534099999925e+01
-9.903929524410000340e+01 1.931501441949999887e+01
-9.903931803339999362e+01 1.931497947729999964e+01
-9.903935591810000005e+01 1.931493440570000075e+01
-9.903937997859999598e+01 1.931490578120000023e+01
-9.903951287559999628e+01 1.931474767330000120e+01
-9.903958522969999478e+01 1.931468729939999918e+01
-9.903975493609999603e+01 1.931483130639999857e+01
-9.904010303030000273e+01 1.931512668539999922e+01
-9.904044249150000212e+01 1.931541473549999921e+01
-9.904074560179999764e+01 1.931515738670000104e+01
-9.904170937039999956e+01 1.931433911219999899e+01
-9.904177959860000158e+01 1.931441639730000048e+01
-9.904195288030000199e+01 1.931421545599999945e+01
-9.904198565949999988e+01 1.931417580369999953e+01
-9.904218435250000141e+01 1.931393544149999997e+01
-9.904223100939999824e+01 1.931387899939999997e+01
-9.904239465940000287e+01 1.931368103040000150e+01
-9.904252412939999317e+01 1.931352440799999926e+01
-9.904260684550000349e+01 1.931342434269999941e+01
-9.904264194329999782e+01 1.931338197390000033e+01
-9.904278179739999644e+01 1.931321269909999927e+01
-9.904280659490000005e+01 1.931318270039999874e+01
-9.904302819359999432e+01 1.931291462500000122e+01
-9.904326950569999610e+01 1.931262270039999862e+01
-9.904350484399999743e+01 1.931233800229999886e+01
-9.904361252040000352e+01 1.931220774089999992e+01
-9.904459225259999755e+01 1.931291051730000063e+01
-9.904466401659999519e+01 1.931295292609999947e+01
-9.904481942760000379e+01 1.931276537209999944e+01
-9.904493452820000243e+01 1.931286132620000018e+01
-9.904522860570000375e+01 1.931336619149999834e+01
-9.904535368710000398e+01 1.931348320580000077e+01
-9.904544801970000378e+01 1.931360047480000119e+01
-9.904560010599999487e+01 1.931378068249999913e+01
-9.904568115280000029e+01 1.931386770390000152e+01
-9.904585100440000645e+01 1.931404334979999859e+01
-9.904592259380000030e+01 1.931411738130000089e+01
-9.904619519839999953e+01 1.931436389130000109e+01
-9.904632280789999754e+01 1.931450663809999924e+01
-9.904644373380000388e+01 1.931462744659999942e+01
-9.904661773189999963e+01 1.931487648919999955e+01
-9.904670367539999631e+01 1.931461038830000021e+01
-9.904683526300000551e+01 1.931442652499999824e+01
-9.904808355359999439e+01 1.931285237919999886e+01
-9.904811649549999686e+01 1.931278051849999855e+01
-9.904885511899999528e+01 1.931188765579999966e+01
-9.904954903659999843e+01 1.931241445839999926e+01
-9.905024295750000363e+01 1.931294125899999869e+01
-9.905082154389999971e+01 1.931249140410000109e+01
-9.905088511760000358e+01 1.931244704330000062e+01
-9.905201891859999819e+01 1.931102709119999972e+01
-9.905246636260000059e+01 1.931047826689999880e+01
-9.905400662479999596e+01 1.931161226300000067e+01
-9.905411215520000212e+01 1.931148254420000043e+01
-9.905417171999999937e+01 1.931140920369999847e+01
-9.905437046110000665e+01 1.931117371699999907e+01
-9.905457242280000685e+01 1.931094306509999825e+01
-9.905475248749999650e+01 1.931075659220000063e+01
-9.905494103770000436e+01 1.931053169759999832e+01
-9.905519729309999377e+01 1.931016973070000020e+01
-9.905547860160000084e+01 1.930984439699999911e+01
-9.905579565909999928e+01 1.930946393849999865e+01
-9.905612414070000682e+01 1.930904960290000005e+01
-9.905693076740000436e+01 1.930803213980000166e+01
-9.905938589679999495e+01 1.930503348799999941e+01
-9.905987128540000697e+01 1.930444064459999964e+01
-9.906048654110000484e+01 1.930469019590000102e+01
-9.906086474280000687e+01 1.930484359629999958e+01
-9.906266389249999804e+01 1.930544078530000007e+01
-9.906339963259999593e+01 1.930568499179999975e+01
-9.906371680089999643e+01 1.930477624139999904e+01
-9.906383116130000133e+01 1.930445203640000074e+01
-9.906403264799999420e+01 1.930387895289999989e+01
-9.906417317650000598e+01 1.930348002319999878e+01
-9.906434804430000440e+01 1.930296317040000176e+01
-9.906449010919999409e+01 1.930254981079999865e+01
-9.906450044999999704e+01 1.930252042420000080e+01
-9.906477742709999745e+01 1.930164308290000008e+01
-9.906458699620000630e+01 1.930108664979999844e+01
-9.906442211709999413e+01 1.930060487660000135e+01
-9.906438429259999623e+01 1.930051238249999912e+01
-9.906394542869999498e+01 1.929948063879999864e+01
-9.906360301310000693e+01 1.929867306419999906e+01
-9.906339926110000249e+01 1.929840155260000145e+01
-9.906296735620000504e+01 1.929782600849999952e+01
-9.906280239180000535e+01 1.929760618019999896e+01
-9.906264216930000543e+01 1.929730400329999895e+01
-9.906262041060000456e+01 1.929699152199999901e+01
-9.906260948749999784e+01 1.929683465349999949e+01
-9.906259449739999923e+01 1.929671454269999842e+01
-9.906251210460000323e+01 1.929632441360000072e+01
-9.906245516559999942e+01 1.929610026050000116e+01
-9.906240491130000692e+01 1.929590242709999970e+01
-9.906235248240000146e+01 1.929569579620000042e+01
-9.906234110990000374e+01 1.929565477790000116e+01
-9.906212738029999798e+01 1.929482215130000000e+01
-9.906197759779999501e+01 1.929442496100000071e+01
-9.906171916179999926e+01 1.929421956490000056e+01
-9.906156204760000605e+01 1.929409223860000111e+01
-9.906160130809999487e+01 1.929355601680000021e+01
-9.906161784530000602e+01 1.929306956960000008e+01
-9.906163166279999643e+01 1.929266311519999988e+01
-9.906168390819999559e+01 1.929256388299999969e+01
-9.906172361870000032e+01 1.929251962009999843e+01
-9.906209613650000279e+01 1.929210439430000079e+01
-9.906250633010000683e+01 1.929164713309999968e+01
-9.906282370169999751e+01 1.929129470750000053e+01
-9.906306765479999399e+01 1.929104225289999874e+01
-9.906338642459999733e+01 1.929071237269999983e+01
-9.906343304639999303e+01 1.929066412499999927e+01
-9.906353725869999494e+01 1.929055763050000039e+01
-9.906373674809999841e+01 1.929035377019999942e+01
-9.906416456549999339e+01 1.928991944159999861e+01
-9.906427266839999390e+01 1.928980969270000045e+01
-9.906439382979999664e+01 1.928968745390000095e+01
-9.906473062189999723e+01 1.928934766709999948e+01
-9.906494840979999594e+01 1.928912794109999851e+01
-9.906501482340000564e+01 1.928906093630000029e+01
-9.906535518440000487e+01 1.928871754469999900e+01
-9.906552130699999736e+01 1.928855200070000109e+01
-9.906569719729999690e+01 1.928837685110000066e+01
-9.906575837120000472e+01 1.928831593439999992e+01
-9.906596305349999909e+01 1.928811211289999861e+01
-9.906603025809999963e+01 1.928804563779999981e+01
-9.906619380050000245e+01 1.928788386940000166e+01
-9.906636587760000623e+01 1.928771365909999957e+01
-9.906671075570000085e+01 1.928737252199999830e+01
-9.906702021930000512e+01 1.928706641189999971e+01
-9.906705771420000417e+01 1.928702934149999848e+01
-9.906720184990000178e+01 1.928688138769999938e+01
-9.906737629840000636e+01 1.928670231799999968e+01
-9.906757151450000265e+01 1.928650192970000177e+01
-9.906777478760000122e+01 1.928629102349999869e+01
-9.906793404939999448e+01 1.928612574479999964e+01
-9.906808915790000469e+01 1.928596477680000021e+01
-9.906811895600000639e+01 1.928593403050000177e+01
-9.906829822539999952e+01 1.928572611619999932e+01
-9.906847717210000326e+01 1.928551857600000119e+01
-9.906856075109999438e+01 1.928542164210000109e+01
-9.906864201659999480e+01 1.928532840720000152e+01
-9.906882061739999301e+01 1.928512350109999929e+01
-9.906896675049999601e+01 1.928495584379999883e+01
-9.906915292540000451e+01 1.928508573639999923e+01
-9.906987992999999904e+01 1.928573474199999893e+01
-9.907137580420000234e+01 1.928707009840000097e+01
-9.907218520160000708e+01 1.928781826239999830e+01
-9.907235647349999397e+01 1.928794817420000030e+01
-9.907407406750000689e+01 1.928909898150000046e+01
-9.907448726239999814e+01 1.928937182310000154e+01
-9.907494111299999417e+01 1.928969814610000100e+01
-9.907524587950000239e+01 1.929007927800000033e+01
-9.907590999129999432e+01 1.929098617380000036e+01
-9.907722570340000345e+01 1.929284869549999826e+01
-9.907731528489999562e+01 1.929296290850000162e+01
-9.907771971779999376e+01 1.929322797069999851e+01
-9.907802295209999954e+01 1.929347401569999931e+01
-9.907865930949999722e+01 1.929421313920000003e+01
-9.907897064390000708e+01 1.929458850929999869e+01
-9.907920639050000489e+01 1.929486813640000165e+01
-9.907969400720000408e+01 1.929545384209999881e+01
-9.907997128709999402e+01 1.929576780629999888e+01
-9.908037112120000245e+01 1.929623718970000112e+01
-9.908231808079999325e+01 1.929858319799999933e+01
-9.908316821939999386e+01 1.929965232569999856e+01
-9.908337204129999520e+01 1.930007887680000067e+01
-9.908359064549999573e+01 1.930040955380000156e+01
-9.908384431560000394e+01 1.930072385649999944e+01
-9.908411273199999414e+01 1.930103997020000151e+01
-9.908435816269999918e+01 1.930136699919999899e+01
-9.908458519209999338e+01 1.930166291269999945e+01
-9.908485677769999711e+01 1.930198097490000109e+01
-9.908513336119999337e+01 1.930226975489999930e+01
-9.908538376600000674e+01 1.930259132349999973e+01
-9.908562476340000558e+01 1.930288873670000172e+01
-9.908587527390000105e+01 1.930319084799999985e+01
-9.908615792819999513e+01 1.930350443569999896e+01
-9.908629183659999740e+01 1.930360423699999828e+01
-9.908671830400000147e+01 1.930379538260000061e+01
-9.908718537999999398e+01 1.930414966520000064e+01
-9.908719836800000280e+01 1.930416564769999965e+01
-9.908746557999999993e+01 1.930448368489999922e+01
-9.908765887250000048e+01 1.930468186559999921e+01
-9.908793554289999861e+01 1.930532485919999885e+01
-9.908814476979999597e+01 1.930557300630000128e+01
-9.908839044110000316e+01 1.930590487670000144e+01
-9.908844343139999467e+01 1.930595509950000022e+01
-9.908861520749999841e+01 1.930615286979999823e+01
-9.908902095809999366e+01 1.930656365729999990e+01
-9.908923255979999567e+01 1.930685758539999952e+01
-9.908948686909999992e+01 1.930714096599999863e+01
-9.908960130970000080e+01 1.930739860890000159e+01
-9.908977171969999631e+01 1.930762781330000166e+01
-9.908987707139999657e+01 1.930772766140000130e+01
-9.909029243259999475e+01 1.930812948899999881e+01
-9.909036484760000008e+01 1.930822658749999832e+01
-9.909053497050000203e+01 1.930844396779999883e+01
-9.909081430409999314e+01 1.930877060050000082e+01
-9.909141930280000565e+01 1.930956714579999911e+01
-9.909173562850000394e+01 1.930998657700000010e+01
-9.909179382400000691e+01 1.931005212000000171e+01
-9.909192696019999858e+01 1.931021148159999967e+01
-9.909224987769999871e+01 1.931058462640000073e+01
-9.909234896079999544e+01 1.931067981380000020e+01
-9.909261903549999317e+01 1.931098848030000070e+01
-9.909272790670000575e+01 1.931112278899999879e+01
-9.909283430489999489e+01 1.931126284329999976e+01
-9.909318290570000443e+01 1.931170221900000072e+01
-9.909322360839999533e+01 1.931175719899999876e+01
-9.909357297779999385e+01 1.931220445800000007e+01
-9.909393523449999464e+01 1.931266821119999832e+01
-9.909408895699999675e+01 1.931286825129999940e+01
-9.909426539400000422e+01 1.931277152370000039e+01
-9.909496497230000500e+01 1.931369131909999837e+01
-9.909585052520000659e+01 1.931481501829999914e+01
-9.909675685720000615e+01 1.931598844599999865e+01
-9.909744041899999445e+01 1.931682643859999970e+01
-9.909771010519999379e+01 1.931717296980000143e+01
-9.909823803199999759e+01 1.931795973510000053e+01
-9.909844261480000682e+01 1.931827266939999888e+01
-9.909864655069999628e+01 1.931859020219999934e+01
-9.909868548449999537e+01 1.931867441980000066e+01
-9.909870973460000698e+01 1.931879491649999991e+01
-9.909864534849999984e+01 1.931895754510000174e+01
-9.909848874879999414e+01 1.931903807300000153e+01
-9.909869648839999456e+01 1.931964141839999982e+01
-9.909880066290000400e+01 1.932044815960000150e+01
-9.909907626349999532e+01 1.932044148969999853e+01
-9.909912455859999625e+01 1.932065714559999847e+01
-9.909920703470000092e+01 1.932091701319999899e+01
-9.909924208309999472e+01 1.932098729859999864e+01
-9.909929841090000480e+01 1.932110025589999935e+01
-9.909953613429999564e+01 1.932139968770000138e+01
-9.909995387390000587e+01 1.932191962450000133e+01
-9.910040642079999884e+01 1.932240436229999858e+01
-9.910068442889999574e+01 1.932268274109999950e+01
-9.910084271130000388e+01 1.932283934100000167e+01
-9.910104750339999669e+01 1.932298852550000134e+01
-9.910116957009999794e+01 1.932307744710000108e+01
-9.910141790890000379e+01 1.932323925129999864e+01
-9.910170205309999858e+01 1.932342438250000072e+01
-9.910206648880000557e+01 1.932364095249999991e+01
-9.910239971209999510e+01 1.932383897149999896e+01
-9.910278154430000086e+01 1.932405511880000049e+01
-9.910345822230000579e+01 1.932441623049999890e+01
-9.910382066040000382e+01 1.932458692839999870e+01
-9.910398714379999774e+01 1.932467338849999905e+01
-9.910418619329999501e+01 1.932481050490000030e+01
-9.910433627650000687e+01 1.932493794590000036e+01
-9.910489126109999347e+01 1.932548072169999998e+01
-9.910510152979999532e+01 1.932568636259999906e+01
-9.910520637400000510e+01 1.932578889930000088e+01
-9.910542842869999447e+01 1.932600606640000152e+01
-9.910554583639999748e+01 1.932612088910000026e+01
-9.910572932510000044e+01 1.932630033859999941e+01
-9.910577014849999955e+01 1.932635080049999843e+01
-9.910604633280000542e+01 1.932669219719999987e+01
-9.910654434609999441e+01 1.932720458789999896e+01
-9.910707015869999736e+01 1.932774557569999985e+01
-9.910758854309999322e+01 1.932828678019999913e+01
-9.910792921869999361e+01 1.932872634039999937e+01
-9.910801192670000148e+01 1.932885460030000147e+01
-9.910833593239999573e+01 1.932935705839999940e+01
-9.910862126610000189e+01 1.932979954030000158e+01
-9.910894496939999954e+01 1.933030152139999913e+01
-9.910913969620000330e+01 1.933060811300000026e+01
-9.910930506009999874e+01 1.933086847650000095e+01
-9.910962973210000371e+01 1.933131397049999833e+01
-9.910972110500000554e+01 1.933146665900000016e+01
-9.910981803350000519e+01 1.933173177809999999e+01
-9.910998160469999618e+01 1.933229628799999844e+01
-9.910999673370000096e+01 1.933233526209999908e+01
-9.911009230669999681e+01 1.933258146509999875e+01
-9.911016754819999619e+01 1.933269645949999926e+01
-9.911032337059999975e+01 1.933287965830000132e+01
-9.911043038420000073e+01 1.933296327269999892e+01
-9.911053824100000043e+01 1.933304754639999956e+01
-9.911058964359999379e+01 1.933307654229999883e+01
-9.911126927499999795e+01 1.933342487399999854e+01
-9.911161824369999351e+01 1.933366701839999990e+01
-9.911193056109999588e+01 1.933396333530000177e+01
-9.911215848579999488e+01 1.933421826360000040e+01
-9.911243926269999349e+01 1.933463439639999848e+01
-9.911293458519999433e+01 1.933536849829999937e+01
-9.911296359470000539e+01 1.933542932430000150e+01
-9.911302234190000604e+01 1.933555859229999996e+01
-9.911321533100000636e+01 1.933597725259999933e+01
-9.911359669690000374e+01 1.933664799789999833e+01
-9.911376391909999484e+01 1.933692401829999952e+01
-9.911390744780000261e+01 1.933733616170000147e+01
-9.911395678319999547e+01 1.933763713709999976e+01
-9.911402040500000510e+01 1.933795974230000070e+01
-9.911403859889999524e+01 1.933813626670000119e+01
-9.911406844980000130e+01 1.933824971039999951e+01
-9.911413565899999867e+01 1.933863748639999969e+01
-9.911417763350000598e+01 1.933896954660000134e+01
-9.911418256710000207e+01 1.933901454620000138e+01
-9.911421590729999309e+01 1.933922978869999909e+01
-9.911431181470000240e+01 1.933983092860000141e+01
-9.911434482730000184e+01 1.934007155029999936e+01
-9.911439674970000624e+01 1.934042052390000066e+01
-9.911443221800000458e+01 1.934058525880000090e+01
-9.911444705729999782e+01 1.934067861859999837e+01
-9.911447550210000657e+01 1.934079048710000137e+01
-9.911454876060000174e+01 1.934097055109999985e+01
-9.911495277710000096e+01 1.934187225009999977e+01
-9.911511507529999676e+01 1.934223447069999935e+01
-9.911516334510000092e+01 1.934233307470000085e+01
-9.911530720650000603e+01 1.934266616449999887e+01
-9.911557154150000315e+01 1.934326412840000131e+01
-9.911565819690000012e+01 1.934343277840000042e+01
-9.911573139339999727e+01 1.934353243269999822e+01
-9.911587468519999788e+01 1.934370551820000017e+01
-9.911608203660000527e+01 1.934396381690000055e+01
-9.911621891219999725e+01 1.934411601189999885e+01
-9.911640453719999755e+01 1.934439405439999859e+01
-9.911705171250000035e+01 1.934555587250000031e+01
-9.911706686280000156e+01 1.934558368989999977e+01
-9.911726052730000447e+01 1.934594458000000117e+01
-9.911739218200000323e+01 1.934618934639999921e+01
-9.911806119109999713e+01 1.934735142750000136e+01
-9.911823160900000573e+01 1.934760839879999850e+01
-9.911890422320000482e+01 1.934862261099999969e+01
-9.911945724960000348e+01 1.934945648909999960e+01
-9.911954677769999478e+01 1.934959148269999929e+01
-9.911956006110000317e+01 1.934961486170000100e+01
-9.911982413020000138e+01 1.934999254310000083e+01
-9.912014641300000051e+01 1.935042785330000115e+01
-9.912024206450000463e+01 1.935056126710000157e+01
-9.912036091059999876e+01 1.935084549360000139e+01
-9.912048907369999995e+01 1.935115200310000105e+01
-9.912077736880000600e+01 1.935184147100000018e+01
-9.912093143709999765e+01 1.935231505349999992e+01
-9.912126186470000277e+01 1.935334015769999993e+01
-9.912145358969999620e+01 1.935392005630000156e+01
-9.912158856579999622e+01 1.935463636460000103e+01
-9.912189040970000065e+01 1.935697649880000171e+01
-9.912197974599999384e+01 1.935766192290000021e+01
-9.912247733819999951e+01 1.935771597420000134e+01
-9.912362100439999324e+01 1.935784016810000097e+01
-9.912378568489999964e+01 1.935785808740000036e+01
-9.912462405489999639e+01 1.935794914659999932e+01
-9.912511461969999971e+01 1.935800242759999890e+01
-9.912561378309999327e+01 1.935805664080000099e+01
-9.912586593769999865e+01 1.935808402640000025e+01
-9.912611339650000275e+01 1.935811090079999985e+01
-9.912628764500000500e+01 1.935812956479999869e+01
-9.912658296290000237e+01 1.935816183940000101e+01
-9.912673384849999536e+01 1.935817828349999914e+01
-9.912708872620000022e+01 1.935821682290000112e+01
-9.912717062609999630e+01 1.935822571710000162e+01
-9.912770849609999857e+01 1.935828412789999931e+01
-9.912776735520000670e+01 1.935829051949999879e+01
-9.912827708769999902e+01 1.935834587260000106e+01
-9.912839762309999969e+01 1.935835956160000038e+01
-9.912869505259999414e+01 1.935839125980000119e+01
-9.912893025019999982e+01 1.935841714900000099e+01
-9.912909774039999888e+01 1.935843498719999900e+01
-9.912938604869999892e+01 1.935846629319999934e+01
-9.912952634810000063e+01 1.935848152750000040e+01
-9.912985812430000010e+01 1.935851755290000042e+01
-9.913014240479999728e+01 1.935854842119999830e+01
-9.913032808280000552e+01 1.935856858160000016e+01
-9.913086979119999853e+01 1.935862740019999961e+01
-9.913117791339999485e+01 1.935866085409999826e+01
-9.913136096300000588e+01 1.935837569559999949e+01
-9.913142411299999424e+01 1.935826012980000144e+01
-9.913176297639999746e+01 1.935771670349999951e+01
-9.913191325340000049e+01 1.935752001350000029e+01
-9.913212702929999409e+01 1.935730108390000126e+01
-9.913228742939999449e+01 1.935717676599999848e+01
-9.913236926010000616e+01 1.935711983490000065e+01
-9.913250224269999933e+01 1.935703392670000156e+01
-9.913269108260000451e+01 1.935691769150000141e+01
-9.913291485589999752e+01 1.935680103629999849e+01
-9.913307431549999649e+01 1.935673608100000109e+01
-9.913348816779999595e+01 1.935658809099999900e+01
-9.913367423619999386e+01 1.935655193339999869e+01
-9.913397045899999682e+01 1.935653370580000043e+01
-9.913427049860000295e+01 1.935654068830000085e+01
-9.913439651720000256e+01 1.935654654709999889e+01
-9.913455978189999485e+01 1.935656363040000016e+01
-9.913474722210000323e+01 1.935656922669999958e+01
-9.913503141510000205e+01 1.935658908659999966e+01
-9.913552421820000404e+01 1.935662312859999901e+01
-9.913591521899999748e+01 1.935664636550000139e+01
-9.913625383570000338e+01 1.935667478550000098e+01
-9.913657430739999654e+01 1.935669461710000050e+01
-9.913693710510000301e+01 1.935671728239999823e+01
-9.913727874309999777e+01 1.935674283150000008e+01
-9.913772164300000611e+01 1.935676844529999840e+01
-9.913923188420000088e+01 1.935686529730000061e+01
-9.913983599360000198e+01 1.935691760399999950e+01
-9.913988874259999307e+01 1.935714001770000081e+01
-9.913989383080000550e+01 1.935736959360000142e+01
-9.913965634299999863e+01 1.935835359100000019e+01
-9.913939998109999863e+01 1.935953678579999959e+01
-9.913918799980000074e+01 1.936048583799999889e+01
-9.913904026570000383e+01 1.936112594709999968e+01
-9.913890378610000198e+01 1.936180780509999977e+01
-9.913876698640000029e+01 1.936246072340000168e+01
-9.913863763870000412e+01 1.936308063730000129e+01
-9.913851928969999960e+01 1.936363091890000021e+01
-9.913838248070000247e+01 1.936428751060000053e+01
-9.913822548070000096e+01 1.936491127649999910e+01
-9.913807891499999414e+01 1.936550300969999938e+01
-9.913795028920000618e+01 1.936609135699999840e+01
-9.913782962790000397e+01 1.936670420300000117e+01
-9.913773857559999669e+01 1.936721143780000176e+01
-9.913755736170000432e+01 1.936801273760000086e+01
-9.913741781470000092e+01 1.936862000489999858e+01
-9.913717746620000071e+01 1.936961649110000039e+01
-9.913693091970000637e+01 1.937079038470000114e+01
-9.913672634469999423e+01 1.937162660599999953e+01
-9.913645350160000191e+01 1.937287174340000107e+01
-9.913622903159999566e+01 1.937384665840000153e+01
-9.913600016600000231e+01 1.937487162980000122e+01
-9.913593905250000660e+01 1.937522952089999961e+01
-9.913579845360000320e+01 1.937587128930000091e+01
-9.913573048509999808e+01 1.937619159220000142e+01
-9.913548772199999348e+01 1.937718699159999858e+01
-9.913542468679999331e+01 1.937730624820000003e+01
-9.913503096380000557e+01 1.937740052350000042e+01
-9.913415139990000569e+01 1.937748046729999984e+01
-9.913385045649999938e+01 1.937744833740000061e+01
-9.913333143760000610e+01 1.937739678240000174e+01
-9.913287917430000107e+01 1.937734971809999962e+01
-9.913244846009999378e+01 1.937730294900000061e+01
-9.913200721500000157e+01 1.937725619720000125e+01
-9.913154985280000631e+01 1.937721524919999894e+01
-9.913140247130000660e+01 1.937720276840000011e+01
-9.913106998400000691e+01 1.937716949400000033e+01
-9.913084140089999607e+01 1.937713976299999885e+01
-9.913056878599999777e+01 1.937711467320000125e+01
-9.913019843269999853e+01 1.937707796569999985e+01
-9.913008173849999594e+01 1.937706751449999842e+01
-9.912969986429999381e+01 1.937702914710000002e+01
-9.912958051360000411e+01 1.937699811290000085e+01
-9.912953830479999340e+01 1.937699313830000136e+01
-9.912947758229999806e+01 1.937697566079999945e+01
-9.912910508059999870e+01 1.937690563019999956e+01
-9.912841352709999398e+01 1.937678493039999950e+01
-9.912836300099999676e+01 1.937677420929999883e+01
-9.912827864269999623e+01 1.937675856730000135e+01
-9.912782466790000058e+01 1.937667378100000093e+01
-9.912761597429999938e+01 1.937663435700000036e+01
-9.912744814520000602e+01 1.937659836090000098e+01
-9.912732371719999946e+01 1.937657956259999992e+01
-9.912724096639999516e+01 1.937656766039999923e+01
-9.912680137489999765e+01 1.937649803489999911e+01
-9.912666145289999520e+01 1.937647215000000145e+01
-9.912644470009999509e+01 1.937642260999999877e+01
-9.912639001070000688e+01 1.937641137499999999e+01
-9.912616889749999416e+01 1.937637996500000170e+01
-9.912597350800000129e+01 1.937634186369999867e+01
-9.912589266770000052e+01 1.937632839320000144e+01
-9.912543462499999691e+01 1.937626070889999852e+01
-9.912526668910000183e+01 1.937623194020000028e+01
-9.912501750799999911e+01 1.937619089229999858e+01
-9.912457971419999581e+01 1.937609629980000037e+01
-9.912440779930000190e+01 1.937605513820000169e+01
-9.912409433569999351e+01 1.937599987790000000e+01
-9.912398121409999874e+01 1.937597671250000175e+01
-9.912355424160000439e+01 1.937590032780000016e+01
-9.912316971250000108e+01 1.937583678440000057e+01
-9.912266369179999970e+01 1.937573796590000086e+01
-9.912253392030000043e+01 1.937569951389999900e+01
-9.912256598269999586e+01 1.937772026409999881e+01
-9.912258915450000529e+01 1.937890671399999931e+01
-9.912257647869999744e+01 1.938010768070000012e+01
-9.912259300819999908e+01 1.938027466710000013e+01
-9.912256263860000161e+01 1.938131199760000101e+01
-9.912255719460000591e+01 1.938149793459999870e+01
-9.912247651539999538e+01 1.938244068959999922e+01
-9.912112659919999658e+01 1.938234815150000045e+01
-9.912085165710000467e+01 1.938232968530000022e+01
-9.912055387329999689e+01 1.938231567560000101e+01
-9.912038791039999808e+01 1.938230950559999854e+01
-9.912011415150000460e+01 1.938229460450000019e+01
-9.911978603740000437e+01 1.938227835429999857e+01
-9.911936627100000408e+01 1.938225310980000060e+01
-9.911908259359999818e+01 1.938223994970000064e+01
-9.911880343890000233e+01 1.938222577890000053e+01
-9.911843079720000560e+01 1.938219924739999911e+01
-9.911817395910000528e+01 1.938218207570000118e+01
-9.911808890529999871e+01 1.938217617120000114e+01
-9.911793029289999879e+01 1.938216843509999876e+01
-9.911782441539999411e+01 1.938216362300000029e+01
-9.911778303670000412e+01 1.938216110209999954e+01
-9.911771456030000138e+01 1.938216069119999929e+01
-9.911766302159999498e+01 1.938215759959999929e+01
-9.911756589569999676e+01 1.938215263520000065e+01
-9.911736888980000515e+01 1.938214637529999962e+01
-9.911719625419999602e+01 1.938213775110000014e+01
-9.911702873420000515e+01 1.938212834169999965e+01
-9.911692115559999650e+01 1.938212234119999877e+01
-9.911676892939999561e+01 1.938210572590000069e+01
-9.911667095949999862e+01 1.938209269469999896e+01
-9.911647521109999559e+01 1.938208080960000146e+01
-9.911631985200000372e+01 1.938206474300000082e+01
-9.911614186079999911e+01 1.938205223949999834e+01
-9.911601835630000323e+01 1.938203672790000098e+01
-9.911583539010000266e+01 1.938201702949999827e+01
-9.911572969120000209e+01 1.938199952329999931e+01
-9.911558911459999877e+01 1.938197528930000146e+01
-9.911541100850000419e+01 1.938196240390000114e+01
-9.911530691190000653e+01 1.938195313860000013e+01
-9.911512717200000111e+01 1.938193287109999829e+01
-9.911504107429999522e+01 1.938191865739999997e+01
-9.911480514890000393e+01 1.938189344219999910e+01
-9.911473952389999909e+01 1.938188424410000010e+01
-9.911446477600000549e+01 1.938183620439999899e+01
-9.911440466819999529e+01 1.938182772680000099e+01
-9.911409679540000184e+01 1.938178253610000112e+01
-9.911391516339999441e+01 1.938175493030000140e+01
-9.911376024620000180e+01 1.938173115820000092e+01
-9.911356606180000028e+01 1.938170949299999890e+01
-9.911337947900000245e+01 1.938169404290000131e+01
-9.911311447750000525e+01 1.938167951850000037e+01
-9.911305775579999988e+01 1.938167842120000017e+01
-9.911283260150000274e+01 1.938167176170000161e+01
-9.911272051839999619e+01 1.938165869570000055e+01
-9.911259870569999464e+01 1.938164174119999927e+01
-9.911238077839999505e+01 1.938160958159999936e+01
-9.911220981510000172e+01 1.938157915920000107e+01
-9.911204633330000036e+01 1.938155539019999907e+01
-9.911195965710000166e+01 1.938154353139999841e+01
-9.911173025870000686e+01 1.938150952060000165e+01
-9.911156038750000619e+01 1.938148258520000056e+01
-9.911133401559999356e+01 1.938144167520000138e+01
-9.911112318269999832e+01 1.938140051370000094e+01
-9.911093602370000610e+01 1.938135592349999925e+01
-9.911058278890000395e+01 1.938131451319999954e+01
-9.911055643710000140e+01 1.938131154010000046e+01
-9.911052609479999376e+01 1.938130902170000169e+01
-9.911045894709999970e+01 1.938130199729999958e+01
-9.911041539110000542e+01 1.938129545569999834e+01
-9.911038686210000037e+01 1.938129280060000070e+01
-9.910943575509999448e+01 1.938117900909999847e+01
-9.910939807820000169e+01 1.938117314329999985e+01
-9.910918378629999381e+01 1.938114881339999940e+01
-9.910892920589999733e+01 1.938111993280000078e+01
-9.910875374830000339e+01 1.938109612319999897e+01
-9.910856936119999716e+01 1.938107046169999848e+01
-9.910852239499999428e+01 1.938106718259999894e+01
-9.910800568029999624e+01 1.938100163360000039e+01
-9.910767139329999509e+01 1.938096215490000063e+01
-9.910743373040000392e+01 1.938094087110000174e+01
-9.910736236869999516e+01 1.938092632880000110e+01
-9.910731474879999325e+01 1.938092128430000116e+01
-9.910720070710000584e+01 1.938090971080000102e+01
-9.910703846600000588e+01 1.938089322920000157e+01
-9.910692870770000695e+01 1.938088246790000113e+01
-9.910685357590000422e+01 1.938087526540000027e+01
-9.910674527000000467e+01 1.938086427709999882e+01
-9.910655864420000682e+01 1.938085605239999865e+01
-9.910630031419999852e+01 1.938086237359999942e+01
-9.910608935250000684e+01 1.938084830069999853e+01
-9.910593773559999420e+01 1.938083121400000053e+01
-9.910572452700000667e+01 1.938080973799999995e+01
-9.910566672849999748e+01 1.938080977170000097e+01
-9.910540278310000417e+01 1.938077559699999952e+01
-9.910510706040000173e+01 1.938073792699999842e+01
-9.910475404989999504e+01 1.938069007369999852e+01
-9.910426524659999359e+01 1.938062742989999876e+01
-9.910375534509999795e+01 1.938055718069999855e+01
-9.910336952759999463e+01 1.938051014439999875e+01
-9.910301785519999385e+01 1.938044738860000038e+01
-9.910125042549999819e+01 1.938023959139999874e+01
-9.910114424539999334e+01 1.938024207790000020e+01
-9.910109153179999453e+01 1.938024331209999929e+01
-9.910079372730000102e+01 1.938023202129999945e+01
-9.909951323849999483e+01 1.938008793499999882e+01
-9.909913581589999865e+01 1.938004523620000086e+01
-9.909872001390000662e+01 1.937999867339999938e+01
-9.909831408489999660e+01 1.937995360029999858e+01
-9.909796746000000667e+01 1.937990971569999843e+01
-9.909761423179999440e+01 1.937986859869999989e+01
-9.909728786479999485e+01 1.937983511999999919e+01
-9.909702051520000055e+01 1.937981012510000056e+01
-9.909666351959999986e+01 1.937978064709999870e+01
-9.909630057309999529e+01 1.937975307470000175e+01
-9.909598619509999651e+01 1.937974055879999824e+01
-9.909564764350000132e+01 1.937959887739999942e+01
-9.909526235059999522e+01 1.938019851250000158e+01
-9.909507306250000624e+01 1.938049309979999890e+01
-9.909488200660000246e+01 1.938079043850000005e+01
-9.909482691079999483e+01 1.938087618409999990e+01
-9.909471239009999977e+01 1.938105441000000084e+01
-9.909455673959999444e+01 1.938129664699999921e+01
-9.909435323569999809e+01 1.938161335310000055e+01
-9.909391129969999668e+01 1.938230112249999948e+01
-9.909353398979999383e+01 1.938288830890000014e+01
-9.909324500779999312e+01 1.938333803329999938e+01
-9.909314511179999840e+01 1.938349349299999957e+01
-9.909297925149999742e+01 1.938372900030000068e+01
-9.909289742769999521e+01 1.938390484430000171e+01
-9.909284595260000117e+01 1.938405327759999963e+01
-9.909231709719999515e+01 1.938486212720000168e+01
-9.909223754529999439e+01 1.938499981520000048e+01
-9.909189435999999773e+01 1.938554029539999846e+01
-9.909155719160000331e+01 1.938607089810000161e+01
-9.909116643449999629e+01 1.938670226019999987e+01
-9.909093833810000262e+01 1.938705548320000105e+01
-9.909073809059999860e+01 1.938736579869999943e+01
-9.909054820990000678e+01 1.938765278269999826e+01
-9.909047785689999444e+01 1.938775907710000013e+01
-9.909038828559999956e+01 1.938789912340000043e+01
-9.909021690769999680e+01 1.938817355169999956e+01
-9.908986695849999649e+01 1.938871543619999827e+01
-9.908967823449999912e+01 1.938899883990000106e+01
-9.908950343899999780e+01 1.938926683800000106e+01
-9.908932633060000228e+01 1.938955458459999903e+01
-9.908913521949999392e+01 1.938985787280000039e+01
-9.908899560330000611e+01 1.939007919999999885e+01
-9.908880136999999877e+01 1.939038230910000138e+01
-9.908824294939999788e+01 1.939028696629999970e+01
-9.908786022419999995e+01 1.939023701119999998e+01
-9.908749223360000258e+01 1.939018446749999924e+01
-9.908712685570000644e+01 1.939012992809999858e+01
-9.908686398490000613e+01 1.939009187139999923e+01
-9.908676750179999715e+01 1.939007239580000075e+01
-9.908665795779999996e+01 1.939006311809999872e+01
-9.908657048290000091e+01 1.939005736209999853e+01
-9.908652654249999614e+01 1.939015209149999919e+01
-9.908637436649999586e+01 1.939010283949999902e+01
-9.908490701249999688e+01 1.938967047859999937e+01
-9.908458373889999393e+01 1.938947527830000084e+01
-9.908452539190000152e+01 1.938992833140000016e+01
-9.908438442210000119e+01 1.939063506709999984e+01
-9.908432420789999640e+01 1.939095986739999944e+01
-9.908430523490000041e+01 1.939107585529999866e+01
-9.908422928880000313e+01 1.939146786079999885e+01
-9.908414313430000675e+01 1.939190027429999930e+01
-9.908403214599999842e+01 1.939249615700000007e+01
-9.908401799060000315e+01 1.939257215599999995e+01
-9.908364827370000683e+01 1.939247441579999887e+01
-9.908358291749999580e+01 1.939242774790000112e+01
-9.908320817940000325e+01 1.939224629230000119e+01
-9.908313963780000222e+01 1.939221597770000116e+01
-9.908279908090000276e+01 1.939203027490000153e+01
-9.908243968589999895e+01 1.939183353860000025e+01
-9.908237513589999423e+01 1.939179896299999939e+01
-9.908211276759999464e+01 1.939165712570000011e+01
-9.908191367230000424e+01 1.939155941530000149e+01
-9.908177542880000033e+01 1.939149996149999922e+01
-9.908142871510000305e+01 1.939131880709999933e+01
-9.908136765240000443e+01 1.939129134110000052e+01
-9.908105201060000411e+01 1.939111488280000017e+01
-9.908091296640000678e+01 1.939104854400000022e+01
-9.908069259549999686e+01 1.939093364180000023e+01
-9.908044819609999365e+01 1.939081594170000145e+01
-9.908037231880000206e+01 1.939077616169999985e+01
-9.907994086440000103e+01 1.939053240060000149e+01
-9.907938700280000432e+01 1.939024729440000172e+01
-9.907936173390000079e+01 1.939023122560000090e+01
-9.907885979110000108e+01 1.938997594299999960e+01
-9.907881143279999492e+01 1.938994842609999836e+01
-9.907835458569999787e+01 1.938972668679999956e+01
-9.907785300170000653e+01 1.938945486700000131e+01
-9.907726215149999405e+01 1.938914296060000098e+01
-9.907675815029999455e+01 1.938889944479999983e+01
-9.907631764539999608e+01 1.938868362470000051e+01
-9.907589340319999849e+01 1.938846974459999828e+01
-9.907484254640000643e+01 1.938789735250000135e+01
-9.907432965460000673e+01 1.938763717029999967e+01
-9.907391050309999514e+01 1.938743148149999840e+01
-9.907348923899999704e+01 1.938721166099999849e+01
-9.907301446270000156e+01 1.938695549099999837e+01
-9.907252503590000003e+01 1.938672423670000100e+01
-9.907212715490000221e+01 1.938651359889999881e+01
-9.907173516909999478e+01 1.938632720980000101e+01
-9.907137722000000224e+01 1.938614239629999858e+01
-9.907092204740000341e+01 1.938588272499999832e+01
-9.907072637580000674e+01 1.938577767510000172e+01
-9.907044408500000543e+01 1.938562559829999898e+01
-9.906994928599999639e+01 1.938537649279999897e+01
-9.906947800999999743e+01 1.938513100080000129e+01
-9.906895562210000605e+01 1.938486306200000087e+01
-9.906760555740000029e+01 1.938417225310000092e+01
-9.906673460480000415e+01 1.938371678520000074e+01
-9.906636556789999304e+01 1.938353710379999839e+01
-9.906583542900000339e+01 1.938346052409999842e+01
-9.906499763200000075e+01 1.938330660069999922e+01
-9.906412644300000636e+01 1.938314299230000159e+01
-9.906365960440000151e+01 1.938307249809999888e+01
-9.906324851109999940e+01 1.938299605050000096e+01
-9.906239206799999408e+01 1.938285045470000156e+01
-9.906152633240000682e+01 1.938269647990000166e+01
-9.906084839749999560e+01 1.938258832080000005e+01
-9.906083147069999484e+01 1.938313506509999939e+01
-9.906080010739999864e+01 1.938331679330000057e+01
-9.906078232289999619e+01 1.938351056560000174e+01
-9.906064434930000573e+01 1.938433880510000051e+01
-9.906051010790000078e+01 1.938525115350000050e+01
-9.906042789379999647e+01 1.938572146399999951e+01
-9.906037016659999495e+01 1.938606485409999891e+01
-9.906034951270000022e+01 1.938615744080000169e+01
-9.906025151250000249e+01 1.938673505759999927e+01
-9.906020749319999652e+01 1.938704705460000000e+01
-9.906016628940000146e+01 1.938732688720000041e+01
-9.906004276849999712e+01 1.938798473119999954e+01
-9.905999032580000119e+01 1.938829165790000175e+01
-9.905979697079999369e+01 1.938964994210000015e+01
-9.905971314990000565e+01 1.939000810359999960e+01
-9.905959790880000071e+01 1.939069646769999977e+01
-9.905952949810000518e+01 1.939121111580000090e+01
-9.905949348379999719e+01 1.939138885939999923e+01
-9.905944603419999339e+01 1.939165511070000036e+01
-9.905941788069999632e+01 1.939188919740000117e+01
-9.905935153049999542e+01 1.939228608089999994e+01
-9.905923245799999677e+01 1.939302739409999887e+01
-9.905918804030000047e+01 1.939325211030000062e+01
-9.905915926449999631e+01 1.939337015499999950e+01
-9.905908645069999352e+01 1.939376160500000168e+01
-9.905897694109999918e+01 1.939425461589999955e+01
-9.905897602650000522e+01 1.939453697629999951e+01
-9.905892687850000300e+01 1.939509241800000083e+01
-9.905882378370000652e+01 1.939570550859999898e+01
-9.905877427689999593e+01 1.939611606480000106e+01
-9.905866256039999485e+01 1.939714168280000095e+01
-9.905855797780000671e+01 1.939822415320000104e+01
-9.905855838310000649e+01 1.939829367300000129e+01
-9.905851224600000648e+01 1.939861237079999867e+01
-9.905837384420000546e+01 1.939977656339999967e+01
-9.905835396770000045e+01 1.939995601180000051e+01
-9.905831798289999313e+01 1.940028121010000106e+01
-9.905826756490000662e+01 1.940073584920000016e+01
-9.905813288049999699e+01 1.940071958049999878e+01
