-9.924488741070000231e+01 1.927620941569999857e+01
-9.924476254350000204e+01 1.927632442130000001e+01
-9.924461116380000192e+01 1.927625948480000062e+01
-9.924445638330000463e+01 1.927621419109999934e+01
-9.924420884110000429e+01 1.927609114350000041e+01
-9.924411065360000350e+01 1.927601654160000066e+01
-9.924397801659999629e+01 1.927588170590000161e+01
-9.924382721950000530e+01 1.927594391230000070e+01
-9.924345877300000041e+01 1.927564919570000157e+01
-9.924346606379999969e+01 1.927548043119999832e+01
-9.924347871480000549e+01 1.927537048079999948e+01
-9.924349950820000288e+01 1.927529817710000160e+01
-9.924353267889999586e+01 1.927517134620000050e+01
-9.924362634060000232e+01 1.927491597690000091e+01
-9.924373123430000021e+01 1.927468017500000030e+01
-9.924385928019999881e+01 1.927437588789999978e+01
-9.924392443760000049e+01 1.927425891660000090e+01
-9.924404541030000360e+01 1.927412235219999914e+01
-9.924415024479999659e+01 1.927394890829999952e+01
-9.924428441669999756e+01 1.927365312530000097e+01
-9.924440804149999451e+01 1.927327107050000166e+01
-9.924461320890000593e+01 1.927290232809999893e+01
-9.924453105089999383e+01 1.927285686840000167e+01
-9.924450195910000616e+01 1.927270896830000169e+01
-9.924430402829999309e+01 1.927245517849999956e+01
-9.924408227310000541e+01 1.927233358839999866e+01
-9.924396787899999595e+01 1.927211193959999846e+01
-9.924382653259999643e+01 1.927178867710000176e+01
-9.924377240559999791e+01 1.927163769730000098e+01
-9.924373006710000311e+01 1.927146399329999937e+01
-9.924367922950000320e+01 1.927118774599999895e+01
-9.924365754570000320e+01 1.927100810319999979e+01
-9.924364165800000137e+01 1.927087530920000091e+01
-9.924364602990000606e+01 1.927069485290000017e+01
-9.924359868940000240e+01 1.927038918810000112e+01
-9.924360227130000567e+01 1.927026775030000039e+01
-9.924349783709999429e+01 1.926997347389999860e+01
-9.924346782850000181e+01 1.926978988320000141e+01
-9.924349136639999358e+01 1.926968706410000109e+01
-9.924359878369999421e+01 1.926950347789999896e+01
-9.924374329379999438e+01 1.926935116650000168e+01
-9.924449122330000250e+01 1.926884294110000084e+01
-9.924487398029999952e+01 1.926865656949999916e+01
-9.924497252289999949e+01 1.926851790270000109e+01
-9.924527130010000064e+01 1.926818582949999836e+01
-9.924532615180000050e+01 1.926813531000000168e+01
-9.924538641889999724e+01 1.926808717609999988e+01
-9.924578214999999659e+01 1.926777477519999948e+01
-9.924589209139999468e+01 1.926766622410000096e+01
-9.924599482000000705e+01 1.926752880369999943e+01
-9.924605124309999837e+01 1.926735332730000039e+01
-9.924607386940000708e+01 1.926717417049999881e+01
-9.924605608129999723e+01 1.926703377939999839e+01
-9.924596829450000257e+01 1.926684029720000169e+01
-9.924593169569999418e+01 1.926650957100000028e+01
-9.924595162740000376e+01 1.926643738710000164e+01
-9.924597452689999955e+01 1.926637332250000156e+01
-9.924600870919999807e+01 1.926631144879999979e+01
-9.924605165590000411e+01 1.926624449370000036e+01
-9.924637613689999682e+01 1.926582454360000085e+01
-9.924666266490000055e+01 1.926572636339999889e+01
-9.924695791630000485e+01 1.926563959419999961e+01
-9.924699686409999799e+01 1.926559547520000137e+01
-9.924702091400000370e+01 1.926552846159999888e+01
-9.924706197099999372e+01 1.926505799390000107e+01
-9.924709045989999368e+01 1.926474905879999966e+01
-9.924699517349999667e+01 1.926449654079999974e+01
-9.924638301170000432e+01 1.926398389990000126e+01
-9.924590628090000166e+01 1.926360629230000043e+01
-9.924563284890000148e+01 1.926337398809999968e+01
-9.924554267790000495e+01 1.926308872839999964e+01
-9.924552836079999452e+01 1.926293313869999935e+01
-9.924556190420000235e+01 1.926254750409999872e+01
-9.924561715420000496e+01 1.926222486309999837e+01
-9.924565410699999291e+01 1.926171969259999983e+01
-9.924572095119999915e+01 1.926156894389999863e+01
-9.924594006510000099e+01 1.926120014509999834e+01
-9.924622903649999728e+01 1.926088918350000156e+01
-9.924629818539999349e+01 1.926074910419999853e+01
-9.924647817970000574e+01 1.926065465379999964e+01
-9.924684106380000514e+01 1.926053715160000124e+01
-9.924719788839999524e+01 1.926032738809999856e+01
-9.924723653610000440e+01 1.926027731690000167e+01
-9.924719053370000665e+01 1.926020125410000006e+01
-9.924681702590000043e+01 1.925972130570000118e+01
-9.924634819989999812e+01 1.925934678060000138e+01
-9.924597427839999852e+01 1.925903997269999834e+01
-9.924587221759999522e+01 1.925899278680000037e+01
-9.924573632210000085e+01 1.925894140589999992e+01
-9.924558115489999466e+01 1.925891114279999883e+01
-9.924540157340000235e+01 1.925890786680000133e+01
-9.924525724709999963e+01 1.925889807640000129e+01
-9.924509406010000134e+01 1.925894609150000036e+01
-9.924491370959999870e+01 1.925900256499999941e+01
-9.924475977390000025e+01 1.925909274139999994e+01
-9.924460881170000448e+01 1.925919134789999987e+01
-9.924438225500000499e+01 1.925937742139999997e+01
-9.924432843920000380e+01 1.925941627239999931e+01
-9.924405768430000307e+01 1.925946132210000172e+01
-9.924399444399999481e+01 1.925940852680000148e+01
-9.924388825030000305e+01 1.925920067419999882e+01
-9.924387132290000579e+01 1.925905968460000039e+01
-9.924388210339999716e+01 1.925894576379999990e+01
-9.924389485460000060e+01 1.925886217089999874e+01
-9.924437253989999874e+01 1.925827976609999936e+01
-9.924445262909999599e+01 1.925816446010000149e+01
-9.924498221039999635e+01 1.925776246430000072e+01
-9.924528466980000019e+01 1.925751752629999913e+01
-9.924538582380000662e+01 1.925734210279999914e+01
-9.924539255050000008e+01 1.925717474589999867e+01
-9.924529161969999791e+01 1.925690745249999836e+01
-9.924523538420000079e+01 1.925680763040000087e+01
-9.924513820260000330e+01 1.925670023920000062e+01
-9.924497496530000262e+01 1.925653322959999869e+01
-9.924481558639999434e+01 1.925635753930000149e+01
-9.924482125430000679e+01 1.925628490040000074e+01
-9.924486705140000709e+01 1.925620003979999950e+01
-9.924493094970000584e+01 1.925605722690000121e+01
-9.924503402540000252e+01 1.925596083530000158e+01
-9.924505925249999905e+01 1.925587487649999829e+01
-9.924509173680000629e+01 1.925579921799999994e+01
-9.924516389500000457e+01 1.925561008549999897e+01
-9.924521793060000618e+01 1.925541243320000007e+01
-9.924524666790000538e+01 1.925525252590000136e+01
-9.924520484139999610e+01 1.925513229399999915e+01
-9.924518259929999431e+01 1.925503008900000168e+01
-9.924511398709999810e+01 1.925494475200000011e+01
-9.924493670030000203e+01 1.925467480469999870e+01
-9.924486965830000429e+01 1.925456208350000153e+01
-9.924480219359999467e+01 1.925439100059999831e+01
-9.924476529019999305e+01 1.925403390709999840e+01
-9.924472143270000402e+01 1.925367997289999877e+01
-9.924465488949999781e+01 1.925335407469999893e+01
-9.924461925410000163e+01 1.925321196750000041e+01
-9.924460683930000471e+01 1.925308283100000040e+01
-9.924458507740000357e+01 1.925273263169999893e+01
-9.924461223069999960e+01 1.925263542240000092e+01
-9.924471930110000528e+01 1.925254539559999856e+01
-9.924478603250000219e+01 1.925244654939999833e+01
-9.924476550389999829e+01 1.925232664019999973e+01
-9.924500526159999936e+01 1.925180553179999876e+01
-9.924521696639999391e+01 1.925129608159999961e+01
-9.924525023239999655e+01 1.925103787009999934e+01
-9.924522316329999683e+01 1.925081539540000009e+01
-9.924521293029999924e+01 1.925060681680000130e+01
-9.924519976199999860e+01 1.925046940900000081e+01
-9.924523203580000086e+01 1.925037706519999858e+01
-9.924528589720000582e+01 1.925027238610000069e+01
-9.924534411150000324e+01 1.925018821189999940e+01
-9.924579173249999542e+01 1.924976362459999990e+01
-9.924594010980000292e+01 1.924965874060000104e+01
-9.924614096279999842e+01 1.924956581580000048e+01
-9.924630230389999497e+01 1.924951038749999910e+01
-9.924647516470000141e+01 1.924946508789999911e+01
-9.924656898009999395e+01 1.924943397119999844e+01
-9.924667248139999742e+01 1.924934618580000034e+01
-9.924683238340000457e+01 1.924917425619999989e+01
-9.924700194099999351e+01 1.924906685550000063e+01
-9.924738606190000212e+01 1.924885293410000031e+01
-9.924746492949999777e+01 1.924873310470000121e+01
-9.924751168010000413e+01 1.924852741569999992e+01
-9.924758686190000390e+01 1.924830518170000104e+01
-9.924759018710000191e+01 1.924808139949999841e+01
-9.924765012759999649e+01 1.924785626859999965e+01
-9.924764265700000010e+01 1.924764898700000160e+01
-9.924760766420000380e+01 1.924746759239999960e+01
-9.924765064199999642e+01 1.924733938359999996e+01
-9.924775938259999464e+01 1.924710403679999970e+01
-9.924783962819999772e+01 1.924697226190000166e+01
-9.924792268790000094e+01 1.924686681720000081e+01
-9.924800769440000181e+01 1.924673375009999887e+01
-9.924818293990000484e+01 1.924677775780000033e+01
-9.924829630520000023e+01 1.924681551520000156e+01
-9.924860932660000401e+01 1.924684249579999928e+01
-9.924890070360000038e+01 1.924673907640000081e+01
-9.924911616480000021e+01 1.924658886259999946e+01
-9.924924653319999379e+01 1.924651477820000167e+01
-9.924941739119999795e+01 1.924642996340000067e+01
-9.924959623819999877e+01 1.924633147859999838e+01
-9.924961123459999612e+01 1.924620411420000110e+01
-9.924961777049999512e+01 1.924608488990000055e+01
-9.924964995160000569e+01 1.924594082049999955e+01
-9.924982596559999593e+01 1.924574162740000105e+01
-9.924993953320000628e+01 1.924570164300000030e+01
-9.925016861180000660e+01 1.924572493160000164e+01
-9.925035096339999541e+01 1.924569327620000081e+01
-9.925044600709999543e+01 1.924539852890000091e+01
-9.925047767399999543e+01 1.924520904859999959e+01
-9.925020162990000472e+01 1.924491358259999885e+01
-9.925013364599999477e+01 1.924479925789999868e+01
-9.925014643490000310e+01 1.924468854799999917e+01
-9.925022876219999546e+01 1.924455902789999939e+01
-9.925035784600000000e+01 1.924452014579999926e+01
-9.925059118469999930e+01 1.924428773560000039e+01
-9.925086028939999494e+01 1.924396825199999839e+01
-9.925100959780000665e+01 1.924377437920000133e+01
-9.925120783520000600e+01 1.924336460680000016e+01
-9.925131122080000523e+01 1.924315285990000035e+01
-9.925145088370000224e+01 1.924292629829999868e+01
-9.925176853440000002e+01 1.924243316340000121e+01
-9.925180127320000167e+01 1.924202507040000043e+01
-9.925159892809999462e+01 1.924167204549999965e+01
-9.925138692369999660e+01 1.924147021630000154e+01
-9.925118274269999574e+01 1.924126733510000165e+01
-9.925104192290000071e+01 1.924091387069999826e+01
-9.925099359530000243e+01 1.924045591430000002e+01
-9.925147235469999885e+01 1.924007214350000083e+01
-9.925178516210000623e+01 1.923949792339999831e+01
-9.925187968989999376e+01 1.923897436660000082e+01
-9.925201827070000604e+01 1.923863202420000107e+01
-9.925218863009999382e+01 1.923839768519999893e+01
-9.925240957280000487e+01 1.923816327729999998e+01
-9.925271218400000350e+01 1.923782224720000045e+01
-9.925286883900000134e+01 1.923759015790000149e+01
-9.925280280990000392e+01 1.923719275059999845e+01
-9.925266193679999560e+01 1.923664558689999993e+01
-9.925267564930000219e+01 1.923609427230000080e+01
-9.925282674029999441e+01 1.923574705009999875e+01
-9.925290911480000489e+01 1.923546742779999974e+01
-9.925312935979999907e+01 1.923510026969999842e+01
-9.925343252880000477e+01 1.923481160929999945e+01
-9.925398437350000336e+01 1.923444206330000128e+01
-9.925437780730000270e+01 1.923406744949999947e+01
-9.925474608890000638e+01 1.923393055949999919e+01
-9.925513649769999347e+01 1.923370530869999939e+01
-9.925564908430000344e+01 1.923322168780000041e+01
-9.925596961019999753e+01 1.923277608249999915e+01
-9.925609705140000472e+01 1.923253993439999832e+01
-9.925635707809999531e+01 1.923253406030000079e+01
-9.925695262119999995e+01 1.923254488210000090e+01
-9.925727103469999690e+01 1.923247062220000103e+01
-9.925745196159999750e+01 1.923205977139999945e+01
-9.925763856739999369e+01 1.923179383340000115e+01
-9.925790686419999531e+01 1.923155231999999870e+01
-9.925809006939999790e+01 1.923128105809999866e+01
-9.925839044410000156e+01 1.923098048419999984e+01
-9.925861956759999316e+01 1.923076715150000027e+01
-9.925889682010000570e+01 1.923051162370000000e+01
-9.925997258319999617e+01 1.922986060030000033e+01
-9.926030227850000642e+01 1.922970775920000008e+01
-9.926093102730000339e+01 1.922941302370000116e+01
-9.926127457869999660e+01 1.922933507979999845e+01
-9.926161789379999334e+01 1.922926915920000113e+01
-9.926202487589999635e+01 1.922918635310000113e+01
-9.926244935210000619e+01 1.922912610619999896e+01
-9.926272179839999410e+01 1.922898111760000006e+01
-9.926333141019999573e+01 1.922863746499999849e+01
-9.926377251959999626e+01 1.922849383779999854e+01
-9.926403346829999919e+01 1.922822544659999977e+01
-9.926508347840000113e+01 1.922743079070000149e+01
-9.926513710800000467e+01 1.922721934599999827e+01
-9.926525837430000365e+01 1.922711669050000083e+01
-9.926556866229999798e+01 1.922709702559999911e+01
-9.926577088010000693e+01 1.922699425140000073e+01
-9.926601580790000412e+01 1.922695231750000033e+01
-9.926623152739999512e+01 1.922691630550000141e+01
-9.926650392359999842e+01 1.922679410989999838e+01
-9.926685929820000354e+01 1.922653002259999866e+01
-9.926770963209999366e+01 1.922594253589999980e+01
-9.926823775709999609e+01 1.922558882179999884e+01
-9.926859280419999720e+01 1.922511019219999895e+01
-9.926914858930000207e+01 1.922471315370000156e+01
-9.926948691849999307e+01 1.922448870459999881e+01
-9.926979523260000349e+01 1.922440211589999848e+01
-9.927053292460000478e+01 1.922429192350000093e+01
-9.927067823459999829e+01 1.922420301369999862e+01
-9.927077173349999839e+01 1.922395652339999828e+01
-9.927092361510000273e+01 1.922370333550000154e+01
-9.927111373420000007e+01 1.922354871550000155e+01
-9.927131385309999700e+01 1.922343340240000131e+01
-9.927147088799999608e+01 1.922336452260000073e+01
-9.927174779850000164e+01 1.922314704249999906e+01
-9.927195879149999769e+01 1.922293734349999994e+01
-9.927225359499999513e+01 1.922266042189999879e+01
-9.927255418880000093e+01 1.922213850019999981e+01
-9.927298928170000636e+01 1.922181172890000056e+01
-9.927355169729999318e+01 1.922157311699999838e+01
-9.927378412320000223e+01 1.922137319770000019e+01
-9.927395160199999680e+01 1.922122951200000074e+01
-9.927415659700000106e+01 1.922103889650000141e+01
-9.927417331200000206e+01 1.922070162840000052e+01
-9.927410290599999598e+01 1.922040064790000002e+01
-9.927403906509999842e+01 1.922010111870000060e+01
-9.927401596900000413e+01 1.921970666949999895e+01
-9.927398349400000654e+01 1.921952789050000021e+01
-9.927405958449999446e+01 1.921885047219999976e+01
-9.927413028719999488e+01 1.921863381429999862e+01
-9.927413696290000189e+01 1.921845795109999955e+01
-9.927415462189999573e+01 1.921830951380000130e+01
-9.927420672499999910e+01 1.921815240069999930e+01
-9.927436474229999419e+01 1.921808552199999909e+01
-9.927445194679999929e+01 1.921788720580000032e+01
-9.927461600659999874e+01 1.921751827550000158e+01
-9.927530433069999560e+01 1.921705544079999939e+01
-9.927565652250000028e+01 1.921675918860000110e+01
-9.927587765789999708e+01 1.921657963499999866e+01
-9.927603509060000420e+01 1.921648953649999925e+01
-9.927624172909999345e+01 1.921642307850000009e+01
-9.927627890370000330e+01 1.921635461090000163e+01
-9.927633919160000175e+01 1.921600142320000160e+01
-9.927635894239999459e+01 1.921579492269999889e+01
-9.927641202850000468e+01 1.921570695540000173e+01
-9.927647042649999776e+01 1.921566091880000116e+01
-9.927655506790000572e+01 1.921563398820000046e+01
-9.927661544709999930e+01 1.921556688869999974e+01
-9.927666773880000051e+01 1.921548639919999957e+01
-9.927671599539999647e+01 1.921540591660000175e+01
-9.927677727559999710e+01 1.921530356390000094e+01
-9.927718879859999390e+01 1.921483839280000083e+01
-9.927734058430000630e+01 1.921471600579999972e+01
-9.927745437629999969e+01 1.921467954090000063e+01
-9.927750666420000414e+01 1.921468442660000164e+01
-9.927753486070000122e+01 1.921467871759999824e+01
-9.927756285339999920e+01 1.921465033269999978e+01
-9.927760169649999966e+01 1.921459027510000084e+01
-9.927766309400000466e+01 1.921455110209999972e+01
-9.927774868359999516e+01 1.921451427970000125e+01
-9.927794025190000582e+01 1.921449266129999955e+01
-9.927798204920000558e+01 1.921447770680000033e+01
-9.927801598429999785e+01 1.921445035400000023e+01
-9.927805253340000036e+01 1.921442299759999983e+01
-9.927820971580000275e+01 1.921427864360000015e+01
-9.927860360089999858e+01 1.921418648239999882e+01
-9.927881490769999573e+01 1.921407552109999983e+01
-9.927937215000000037e+01 1.921398876490000163e+01
-9.927957608789999711e+01 1.921392092589999834e+01
-9.927986599410000679e+01 1.921383984170000048e+01
-9.928015557899999521e+01 1.921372381790000006e+01
-9.928032079930000009e+01 1.921364955199999969e+01
-9.928059481340000048e+01 1.921365586110000123e+01
-9.928076011740000695e+01 1.921363093760000140e+01
-9.928089484829999378e+01 1.921368455860000068e+01
-9.928097283920000393e+01 1.921370910939999987e+01
-9.928104609010000559e+01 1.921372469740000000e+01
-9.928114257519999342e+01 1.921369783820000166e+01
-9.928134009260000425e+01 1.921364682509999966e+01
-9.928158556990000250e+01 1.921353235060000131e+01
-9.928188982620000047e+01 1.921339574110000115e+01
-9.928214028579999706e+01 1.921322589540000081e+01
-9.928239357750000238e+01 1.921308146049999976e+01
-9.928310023740000645e+01 1.921305562739999928e+01
-9.928329736950000495e+01 1.921316133499999879e+01
-9.928340095970000334e+01 1.921321044509999965e+01
-9.928353642070000262e+01 1.921342370869999883e+01
-9.928370905810000124e+01 1.921353951020000039e+01
-9.928393919709999693e+01 1.921360447360000023e+01
-9.928410586590000264e+01 1.921365150029999924e+01
-9.928441330139999366e+01 1.921363620170000175e+01
-9.928457694700000502e+01 1.921368080450000093e+01
-9.928463709970000650e+01 1.921368969850000141e+01
-9.928472460589999571e+01 1.921363602170000107e+01
-9.928482604600000627e+01 1.921356257049999883e+01
-9.928496453379999309e+01 1.921348546600000162e+01
-9.928505170249999878e+01 1.921345220119999908e+01
-9.928515188699999783e+01 1.921337957700000132e+01
-9.928526079899999957e+01 1.921331108129999876e+01
-9.928539377459999571e+01 1.921328602710000055e+01
-9.928557255009999949e+01 1.921326504419999992e+01
-9.928602958969999293e+01 1.921331037390000063e+01
-9.928628233419999560e+01 1.921333529150000174e+01
-9.928652382820000355e+01 1.921327850500000167e+01
-9.928681720810000400e+01 1.921320227329999852e+01
-9.928710557349999988e+01 1.921316262630000082e+01
-9.928751359059999970e+01 1.921314958480000001e+01
-9.928782356780000384e+01 1.921312226870000117e+01
-9.928804826059999300e+01 1.921317698309999855e+01
-9.928819616010000004e+01 1.921330690980000000e+01
-9.928857641429999603e+01 1.921360667629999952e+01
-9.928873482800000261e+01 1.921371656070000000e+01
-9.928894062070000359e+01 1.921377631020000010e+01
-9.928905672519999825e+01 1.921381804580000008e+01
-9.928916489889999752e+01 1.921380976580000066e+01
-9.928942953899999679e+01 1.921373095190000058e+01
-9.928989019620000533e+01 1.921391498139999854e+01
-9.929025768740000046e+01 1.921407608910000064e+01
-9.929062719850000462e+01 1.921426072879999936e+01
-9.929106156890000534e+01 1.921445361600000012e+01
-9.929143793949999974e+01 1.921459827340000004e+01
-9.929176789919999635e+01 1.921428293649999830e+01
-9.929239358079999533e+01 1.921382581370000153e+01
-9.929275429739999481e+01 1.921377373849999870e+01
-9.929315136149999432e+01 1.921390666739999986e+01
-9.929340167639999493e+01 1.921414354290000048e+01
-9.929356300329999385e+01 1.921426192239999864e+01
-9.929364859880000438e+01 1.921432110490000156e+01
-9.929372106959999655e+01 1.921439591789999923e+01
-9.929378446949999670e+01 1.921452035889999976e+01
-9.929382334909999486e+01 1.921456682970000074e+01
-9.929394600550000405e+01 1.921464418829999943e+01
-9.929412186960000497e+01 1.921478544389999854e+01
-9.929420168939999769e+01 1.921488807580000113e+01
-9.929430811839999649e+01 1.921502556440000120e+01
-9.929443897740000580e+01 1.921512229749999889e+01
-9.929468416369999773e+01 1.921518055379999979e+01
-9.929483638909999854e+01 1.921524572759999927e+01
-9.929494498719999740e+01 1.921533708770000004e+01
-9.929505578920000630e+01 1.921548090250000129e+01
-9.929527094009999644e+01 1.921595755230000080e+01
-9.929548778759999550e+01 1.921629761670000036e+01
-9.929583427820000452e+01 1.921676255790000099e+01
-9.929612843319999627e+01 1.921711060259999826e+01
-9.929642587349999872e+01 1.921752782769999968e+01
-9.929670581370000093e+01 1.921776334839999834e+01
-9.929702304260000290e+01 1.921783233640000077e+01
-9.929735845439999764e+01 1.921791836139999887e+01
-9.929779922609999687e+01 1.921812185319999955e+01
-9.929814436370000408e+01 1.921808141900000066e+01
-9.929861993250000296e+01 1.921792969059999834e+01
-9.929922481309999682e+01 1.921770957869999918e+01
-9.929980857190000165e+01 1.921774122609999935e+01
-9.930026691470000344e+01 1.921774239630000025e+01
-9.930054378309999663e+01 1.921796912159999948e+01
-9.930097455749999824e+01 1.921819859909999906e+01
-9.930142787530000703e+01 1.921822079169999853e+01
-9.930150264850000497e+01 1.921828945929999932e+01
-9.930200109419999421e+01 1.921862742309999916e+01
-9.930245612599999561e+01 1.921896874160000124e+01
-9.930273086649999925e+01 1.921925830509999855e+01
-9.930309336669999709e+01 1.921958843170000009e+01
-9.930323898480000366e+01 1.921982136689999976e+01
-9.930343636700000332e+01 1.922009106870000039e+01
-9.930369466960000580e+01 1.922033318969999982e+01
-9.930397266100000309e+01 1.922057600340000150e+01
-9.930471168809999938e+01 1.922133298920000044e+01
-9.930543066840000677e+01 1.922201324250000098e+01
-9.930570443080000587e+01 1.922223618749999829e+01
-9.930604790779999291e+01 1.922236412150000007e+01
-9.930649160989999302e+01 1.922240968010000017e+01
-9.930709962439999572e+01 1.922276279100000096e+01
-9.930779072320000012e+01 1.922319528319999904e+01
-9.930805543319999629e+01 1.922343237939999838e+01
-9.930840163700000289e+01 1.922349853820000121e+01
-9.930862544839999373e+01 1.922360964459999977e+01
-9.930894654269999933e+01 1.922392953579999997e+01
-9.930918992680000201e+01 1.922429309420000010e+01
-9.930943016809999335e+01 1.922455364030000169e+01
-9.930962469589999841e+01 1.922474881770000010e+01
-9.930999124170000414e+01 1.922479804259999980e+01
-9.931049660029999870e+01 1.922521335580000112e+01
-9.931083356979999621e+01 1.922516971330000146e+01
-9.931102604340000539e+01 1.922539754650000177e+01
-9.931116331440000522e+01 1.922551899389999974e+01
-9.931128282170000432e+01 1.922563332569999872e+01
-9.931143953880000197e+01 1.922573680089999826e+01
-9.931171747759999846e+01 1.922587121220000128e+01
-9.931199096539999971e+01 1.922594160699999932e+01
-9.931227603879999322e+01 1.922602010740000011e+01
-9.931265551399999936e+01 1.922595760360000128e+01
-9.931297366580000130e+01 1.922580453360000163e+01
-9.931325092820000577e+01 1.922597689579999880e+01
-9.931355332379999368e+01 1.922620813349999835e+01
-9.931401111530000492e+01 1.922647630259999829e+01
-9.931445229630000426e+01 1.922662092790000088e+01
-9.931466530429999295e+01 1.922670449079999955e+01
-9.931505655220000506e+01 1.922689780820000038e+01
-9.931555553120000468e+01 1.922739534749999990e+01
-9.931534336059999646e+01 1.922919648510000101e+01
-9.932129650020000611e+01 1.923266547440000096e+01
-9.932225485159999323e+01 1.923264783420000157e+01
-9.932254829529999540e+01 1.923372617709999943e+01
-9.932255123669999364e+01 1.923382788270000177e+01
-9.932255391809999878e+01 1.923394437159999981e+01
-9.932263244879999320e+01 1.923408109409999867e+01
-9.932272135690000425e+01 1.923467517259999937e+01
-9.932276639040000532e+01 1.923530558079999864e+01
-9.932273661579999668e+01 1.923565345629999968e+01
-9.932299538579999876e+01 1.923590845680000072e+01
-9.932293525199999351e+01 1.923643642989999947e+01
-9.932285144860000514e+01 1.923671449640000120e+01
-9.932272983430000579e+01 1.923751143160000154e+01
-9.932276106850000019e+01 1.923761558809999883e+01
-9.932281609679999690e+01 1.923767897489999967e+01
-9.932285444699999744e+01 1.923776273289999850e+01
-9.932285600939999881e+01 1.923791423529999989e+01
-9.932287128670000698e+01 1.923801910359999923e+01
-9.932293767580000576e+01 1.923811264940000143e+01
-9.932311923400000353e+01 1.923820114269999948e+01
-9.932319410879999566e+01 1.923825302770000079e+01
-9.932323921610000639e+01 1.923831072839999834e+01
-9.932327708549999556e+01 1.923838780899999890e+01
-9.932330149119999874e+01 1.923845327009999906e+01
-9.932331448850000299e+01 1.923855492890000107e+01
-9.932316401420000318e+01 1.923906872459999917e+01
-9.932316433180000104e+01 1.923923122080000070e+01
-9.932289129320000143e+01 1.923981744629999824e+01
-9.932266915719999645e+01 1.924030654419999919e+01
-9.932212467440000125e+01 1.924091912969999996e+01
-9.932125818779999804e+01 1.924181841829999939e+01
-9.932078869250000253e+01 1.924228821439999848e+01
-9.932053402959999744e+01 1.924260626519999917e+01
-9.932035176169999602e+01 1.924286426169999942e+01
-9.932019088500000237e+01 1.924301755320000140e+01
-9.932005876990000104e+01 1.924314338510000155e+01
-9.931981439439999804e+01 1.924328108810000160e+01
-9.931953435830000387e+01 1.924339732589999841e+01
-9.931938889500000300e+01 1.924343446110000144e+01
-9.931926018529999567e+01 1.924344357389999871e+01
-9.931910791800000027e+01 1.924337273669999959e+01
-9.931887594440000555e+01 1.924323538160000169e+01
-9.931879056319999677e+01 1.924319243620000108e+01
-9.931872207429999833e+01 1.924320984039999871e+01
-9.931859327550000671e+01 1.924328225949999904e+01
-9.931839086969999641e+01 1.924347839800000060e+01
-9.931827739370000074e+01 1.924372858970000166e+01
-9.931770603280000387e+01 1.924437119999999979e+01
-9.931763653810000392e+01 1.924449204169999916e+01
-9.931760190929999510e+01 1.924459717890000121e+01
-9.931752093410000271e+01 1.924500476929999948e+01
-9.931750660630000027e+01 1.924529840090000121e+01
-9.931779458059999399e+01 1.924567006339999864e+01
-9.931772238380000317e+01 1.924592266390000006e+01
-9.931769784339999774e+01 1.924594911089999982e+01
-9.931758477200000357e+01 1.924601290400000053e+01
-9.931756411700000342e+01 1.924608311700000129e+01
-9.931758044289999532e+01 1.924616423089999984e+01
-9.931771403359999795e+01 1.924640382750000001e+01
-9.931784071330000074e+01 1.924702936470000125e+01
-9.931784797870000148e+01 1.924712339639999925e+01
-9.931781276510000112e+01 1.924726982889999860e+01
-9.931776524560000041e+01 1.924736257929999894e+01
-9.931752303970000639e+01 1.924761032540000016e+01
-9.931728877759999818e+01 1.924805271740000023e+01
-9.931713555240000346e+01 1.924855426639999934e+01
-9.931699583740000037e+01 1.924914673500000006e+01
-9.931700692450000645e+01 1.924963218239999918e+01
-9.931707405560000268e+01 1.925030788040000118e+01
-9.931681754340000623e+01 1.925072499150000027e+01
-9.931677031220000629e+01 1.925077899829999950e+01
-9.931669481909999320e+01 1.925077724450000005e+01
-9.931662947110000061e+01 1.925073780729999839e+01
-9.931658863929999370e+01 1.925078708090000035e+01
-9.931648383430000138e+01 1.925096733020000173e+01
-9.931644258599999375e+01 1.925103236039999999e+01
-9.931638896290000673e+01 1.925104911200000046e+01
-9.931632533110000338e+01 1.925103280589999954e+01
-9.931617877509999914e+01 1.925085113480000132e+01
-9.931614072360000023e+01 1.925084304940000024e+01
-9.931611170329999538e+01 1.925083750800000004e+01
-9.931607593379999344e+01 1.925083812789999982e+01
-9.931605080510000505e+01 1.925083642550000107e+01
-9.931602565740000443e+01 1.925083597849999961e+01
-9.931599640769999837e+01 1.925084174250000046e+01
-9.931595650129999342e+01 1.925086059590000076e+01
-9.931591681919999814e+01 1.925091574960000074e+01
-9.931591733359999807e+01 1.925098176210000034e+01
-9.931593187430000569e+01 1.925106384340000076e+01
-9.931596015949999412e+01 1.925128699909999952e+01
-9.931593653989999382e+01 1.925152542289999857e+01
-9.931590867040000603e+01 1.925164948360000139e+01
-9.931597304420000683e+01 1.925182868399999947e+01
-9.931606015699999546e+01 1.925194083290000080e+01
-9.931608200339999826e+01 1.925201495370000160e+01
-9.931605739719999804e+01 1.925208087940000112e+01
-9.931596621719999973e+01 1.925217511239999979e+01
-9.931587746169999775e+01 1.925234311990000080e+01
-9.931585594039999876e+01 1.925244965230000105e+01
-9.931594807950000359e+01 1.925262628609999993e+01
-9.931593506170000296e+01 1.925280400589999985e+01
-9.931587447590000295e+01 1.925291612050000012e+01
-9.931573291339999798e+01 1.925300862699999982e+01
-9.931559719400000574e+01 1.925317660230000172e+01
-9.931550611599999456e+01 1.925330660059999843e+01
-9.931526016639999455e+01 1.925395600610000102e+01
-9.931519215480000184e+01 1.925435901230000013e+01
-9.931504561810000098e+01 1.925456388890000170e+01
-9.931488562570000056e+01 1.925483660349999937e+01
-9.931476957050000465e+01 1.925497866639999955e+01
-9.931478142640000328e+01 1.925521780629999924e+01
-9.931487046430000021e+01 1.925534535150000082e+01
-9.931496570859999906e+01 1.925543554460000095e+01
-9.931505090699999982e+01 1.925551949970000010e+01
-9.931516016339999453e+01 1.925564156800000148e+01
-9.931526010299999996e+01 1.925577180650000031e+01
-9.931543656940000631e+01 1.925591403370000165e+01
-9.931547042619999388e+01 1.925599251239999887e+01
-9.931547974709999949e+01 1.925605939940000155e+01
-9.931546457529999827e+01 1.925613796309999870e+01
-9.931536287810000374e+01 1.925635891889999840e+01
-9.931525353070000506e+01 1.925641690200000156e+01
-9.931503325100000268e+01 1.925648249880000051e+01
-9.931477205390000051e+01 1.925651323190000141e+01
-9.931459485979999613e+01 1.925673611699999910e+01
-9.931439265260000582e+01 1.925681348060000175e+01
-9.931420073409999816e+01 1.925682411069999844e+01
-9.931407391259999429e+01 1.925681091950000123e+01
-9.931397435600000279e+01 1.925677214619999944e+01
-9.931376207670000156e+01 1.925665744180000161e+01
-9.931353886440000167e+01 1.925664706070000065e+01
-9.931280034709999427e+01 1.925670239300000119e+01
-9.931253758440000468e+01 1.925694743909999929e+01
-9.931226663820000056e+01 1.925708461549999839e+01
-9.931120931419999920e+01 1.925707558399999897e+01
-9.931076615530000140e+01 1.925718292000000176e+01
-9.931020316859999753e+01 1.925727464810000100e+01
-9.930973578190000239e+01 1.925759107740000076e+01
-9.930924156019999316e+01 1.925783173499999990e+01
-9.930877404039999590e+01 1.925809762589999963e+01
-9.930818653720000100e+01 1.925800706329999912e+01
-9.930754995670000085e+01 1.925790591190000001e+01
-9.930689619919999700e+01 1.925777639400000041e+01
-9.930623569669999995e+01 1.925774491860000026e+01
-9.930529996549999794e+01 1.925794271779999889e+01
-9.930388868069999830e+01 1.925838361960000000e+01
-9.930350568160000080e+01 1.925866716020000169e+01
-9.930302551629999641e+01 1.925866750229999980e+01
-9.930237035650000621e+01 1.925892819939999967e+01
-9.930216166409999801e+01 1.925935557840000101e+01
-9.930191122450000307e+01 1.925951257299999853e+01
-9.930171424419999937e+01 1.926003901280000008e+01
-9.930147755829999312e+01 1.926050288469999927e+01
-9.930100977690000263e+01 1.926087945229999931e+01
-9.930087649620000434e+01 1.926104445749999883e+01
-9.930056663099999525e+01 1.926109659020000109e+01
-9.930023411739999517e+01 1.926093758789999910e+01
-9.929977493270000366e+01 1.926088604539999949e+01
-9.929894924500000286e+01 1.926122012140000095e+01
-9.929839083109999365e+01 1.926132141189999913e+01
-9.929798353850000581e+01 1.926145374700000090e+01
-9.929775589129999958e+01 1.926188220279999896e+01
-9.929728891969999438e+01 1.926228766730000075e+01
-9.929696551860000397e+01 1.926271192889999995e+01
-9.929680873809999753e+01 1.926311215160000145e+01
-9.929623749600000338e+01 1.926330472960000151e+01
-9.929576233560000276e+01 1.926351301020000051e+01
-9.929510428519999721e+01 1.926380201290000116e+01
-9.929479386190000412e+01 1.926404567350000008e+01
-9.929451274880000256e+01 1.926430385909999998e+01
-9.929423672180000437e+01 1.926459544520000122e+01
-9.929418819369999483e+01 1.926489111049999892e+01
-9.929398706310000478e+01 1.926527878330000121e+01
-9.929405622369999662e+01 1.926556463660000063e+01
-9.929401545139999996e+01 1.926602270729999944e+01
-9.929378350099999295e+01 1.926636553559999854e+01
-9.929351983700000517e+01 1.926688179159999947e+01
-9.929274276850000547e+01 1.926763823330000136e+01
-9.929262280460000056e+01 1.926812783089999925e+01
-9.929257879339999704e+01 1.926830839429999997e+01
-9.929223685499999874e+01 1.926854825359999879e+01
-9.929163758980000409e+01 1.926877312690000110e+01
-9.929125495079999553e+01 1.926902413359999855e+01
-9.929092108519999726e+01 1.926920202939999882e+01
-9.929051471069999479e+01 1.926956898739999957e+01
-9.929014765819999866e+01 1.926989383329999939e+01
-9.928995618909999621e+01 1.927007829600000122e+01
-9.928963083280000035e+01 1.927028611960000148e+01
-9.928932949640000061e+01 1.927035097679999964e+01
-9.928901287470000625e+01 1.927029425039999921e+01
-9.928826393680000706e+01 1.927017131070000033e+01
-9.928792519259999949e+01 1.927015616170000101e+01
-9.928752840049999406e+01 1.927017147389999963e+01
-9.928680673069999330e+01 1.927041425870000069e+01
-9.928618959690000167e+01 1.927068067389999939e+01
-9.928564821919999872e+01 1.927142531260000169e+01
-9.928543793119999350e+01 1.927182598359999943e+01
-9.928541603360000067e+01 1.927219843969999857e+01
-9.928524695209999607e+01 1.927310773019999957e+01
-9.928494246930000600e+01 1.927327494200000046e+01
-9.928471726879999437e+01 1.927355671580000163e+01
-9.928450317989999974e+01 1.927391014499999855e+01
-9.928427678360000641e+01 1.927425144700000104e+01
-9.928404933449999703e+01 1.927459194880000126e+01
-9.928373670999999945e+01 1.927475693739999940e+01
-9.928333112640000024e+01 1.927509701929999864e+01
-9.928321126390000018e+01 1.927545975849999849e+01
-9.928317845290000321e+01 1.927573626419999897e+01
-9.928331000330000222e+01 1.927599724890000132e+01
-9.928374943800000096e+01 1.927622636070000084e+01
-9.928391771830000323e+01 1.927669229039999976e+01
-9.928396543510000072e+01 1.927696133979999971e+01
-9.928347517839999625e+01 1.927727503999999925e+01
-9.928304252430000076e+01 1.927776868549999989e+01
-9.928230148629999974e+01 1.927903299609999976e+01
-9.928205431230000499e+01 1.927922488469999962e+01
-9.928150905489999900e+01 1.927949067260000149e+01
-9.928130772670000681e+01 1.928021858480000006e+01
-9.928113981309999758e+01 1.928061979710000173e+01
-9.928080837800000324e+01 1.928075753650000124e+01
-9.928045966960000612e+01 1.928075807229999938e+01
-9.928021674420000409e+01 1.928082107879999896e+01
-9.928005473240000356e+01 1.928093054680000051e+01
-9.927963784140000314e+01 1.928115480570000173e+01
-9.927945042480000382e+01 1.928139409439999952e+01
-9.927920017629999450e+01 1.928167038249999976e+01
-9.927902028980000182e+01 1.928171567589999924e+01
-9.927865708849999749e+01 1.928162172969999943e+01
-9.927846553419999509e+01 1.928146912649999933e+01
-9.927831492590000551e+01 1.928139847550000141e+01
-9.927822400040000161e+01 1.928141403840000123e+01
-9.927813572690000399e+01 1.928148360779999848e+01
-9.927800287819999880e+01 1.928155251509999957e+01
-9.927792943900000466e+01 1.928170271200000130e+01
-9.927790133940000317e+01 1.928193394119999837e+01
-9.927788880900000379e+01 1.928232588159999850e+01
-9.927788815930000510e+01 1.928259325939999869e+01
-9.927656285800000546e+01 1.928336557449999944e+01
-9.927332029219999754e+01 1.928518923689999909e+01
-9.927358862629999692e+01 1.928555680099999847e+01
-9.927498032590000321e+01 1.928746311809999980e+01
-9.927616895799999952e+01 1.928909790710000038e+01
-9.927473440439999308e+01 1.929132863819999955e+01
-9.927316332860000614e+01 1.929314933959999934e+01
-9.927246124219999501e+01 1.929421107279999958e+01
-9.927249809580000317e+01 1.929465800239999851e+01
-9.927236804429999495e+01 1.929501366770000104e+01
-9.927232676890000107e+01 1.929533458910000121e+01
-9.927210742389999609e+01 1.929550566480000029e+01
-9.927185403859999724e+01 1.929611267479999981e+01
-9.927171697149999829e+01 1.929682759630000177e+01
-9.927154153409999537e+01 1.929774197920000134e+01
-9.927148618760000431e+01 1.929799671230000158e+01
-9.927166381630000558e+01 1.929834173760000127e+01
-9.927147260649999794e+01 1.929917499149999927e+01
-9.927055343060000325e+01 1.929967980110000170e+01
-9.927033300189999920e+01 1.930005959049999831e+01
-9.927008251629999336e+01 1.930054148600000019e+01
-9.926973665180000239e+01 1.930117627830000160e+01
-9.926975877569999795e+01 1.930118436320000086e+01
-9.927038033549999341e+01 1.930141148870000123e+01
-9.927048592650000103e+01 1.930157327579999915e+01
-9.927092949279999345e+01 1.930186204840000030e+01
-9.927115579620000574e+01 1.930199438540000045e+01
-9.927128212719999567e+01 1.930206826030000045e+01
-9.927150407109999719e+01 1.930230912229999873e+01
-9.927199495610000213e+01 1.930238980040000030e+01
-9.927214039749999586e+01 1.930241370290000091e+01
-9.927221699640000452e+01 1.930245818570000083e+01
-9.927206213959999559e+01 1.930256880880000026e+01
-9.927150007070000015e+01 1.930301264739999922e+01
-9.927141302169999904e+01 1.930308138539999874e+01
-9.927098401349999790e+01 1.930351981440000131e+01
-9.927081359669999472e+01 1.930373027459999946e+01
-9.927061957189999930e+01 1.930396988669999914e+01
-9.927042174529999841e+01 1.930412558480000129e+01
-9.926990230110000368e+01 1.930437397720000092e+01
-9.926975833029999308e+01 1.930443831230000029e+01
-9.926938081929999669e+01 1.930460700720000133e+01
-9.926936453529999937e+01 1.930461428370000121e+01
-9.926931140199999959e+01 1.930463547320000117e+01
-9.926904527780000365e+01 1.930474160649999860e+01
-9.926843024180000441e+01 1.930511561639999840e+01
-9.926855771949999507e+01 1.930524071239999984e+01
-9.926870047280000620e+01 1.930533133149999969e+01
-9.926917367410000281e+01 1.930550238400000040e+01
-9.926933363489999351e+01 1.930556654989999998e+01
-9.926942974400000708e+01 1.930560510269999952e+01
-9.926978766249999353e+01 1.930572549700000096e+01
-9.926987438080000459e+01 1.930573576709999983e+01
-9.926996240420000106e+01 1.930574834300000120e+01
-9.927000768339999581e+01 1.930576883250000009e+01
-9.927011686989999362e+01 1.930593202200000036e+01
-9.927018434010000192e+01 1.930604096009999893e+01
-9.927031964290000587e+01 1.930632302880000140e+01
-9.927044594970000446e+01 1.930651424339999878e+01
-9.927057396280000034e+01 1.930663040490000171e+01
-9.927077327710000532e+01 1.930673395410000026e+01
-9.927081575139999359e+01 1.930675228529999998e+01
-9.927083886420000169e+01 1.930676225979999927e+01
-9.927088603510000553e+01 1.930678913470000069e+01
-9.927091900599999974e+01 1.930681847920000038e+01
-9.927110059250000518e+01 1.930702235840000114e+01
-9.927120364680000364e+01 1.930721888409999920e+01
-9.927134166199999754e+01 1.930825691969999980e+01
-9.927133563220000667e+01 1.930827889289999888e+01
-9.927083905009999398e+01 1.930886290680000172e+01
-9.927114547790000643e+01 1.930904945600000033e+01
-9.927105362449999859e+01 1.930929465090000008e+01
-9.927090952519999689e+01 1.930959078200000079e+01
-9.927073349799999846e+01 1.930995252760000014e+01
-9.927049808990000201e+01 1.931045201119999888e+01
-9.927036440390000394e+01 1.931077817390000106e+01
-9.927023654180000278e+01 1.931115254410000048e+01
-9.927020951010000260e+01 1.931126735120000149e+01
-9.927005531259999316e+01 1.931152385040000041e+01
-9.927033959770000138e+01 1.931180075880000047e+01
-9.927051029529999937e+01 1.931154465070000015e+01
-9.927054466730000115e+01 1.931193668179999889e+01
-9.927027219650000234e+01 1.931220419090000107e+01
-9.927013831630000595e+01 1.931241798399999965e+01
-9.926998079160000543e+01 1.931273139760000035e+01
-9.926983001230000525e+01 1.931292584359999864e+01
-9.926966921209999839e+01 1.931321597939999890e+01
-9.926961913569999751e+01 1.931341335280000138e+01
-9.926956636900000319e+01 1.931350307299999969e+01
-9.926953392059999715e+01 1.931355824390000109e+01
-9.926944059129999687e+01 1.931362501090000094e+01
-9.926898512930000607e+01 1.931372957459999995e+01
-9.926843816849999769e+01 1.931400999799999951e+01
-9.926808180470000309e+01 1.931408271029999923e+01
-9.926794327919999716e+01 1.931413979859999941e+01
-9.926779987380000136e+01 1.931419513590000037e+01
-9.926764724880000301e+01 1.931420241600000054e+01
-9.926762782919999495e+01 1.931415154680000157e+01
-9.926768815440000537e+01 1.931407326780000133e+01
-9.926769429590000016e+01 1.931402908109999927e+01
-9.926752309639999794e+01 1.931380127039999905e+01
-9.926739637229999857e+01 1.931379232569999971e+01
-9.926721477990000153e+01 1.931372982170000085e+01
-9.926678013250000276e+01 1.931352228780000146e+01
-9.926605346179999856e+01 1.931345025250000091e+01
-9.926590065880000679e+01 1.931343744040000132e+01
-9.926572393649999526e+01 1.931367430910000138e+01
-9.926568046500000264e+01 1.931374647299999836e+01
-9.926559268949999648e+01 1.931389218560000032e+01
-9.926551080010000305e+01 1.931406227689999966e+01
-9.926543397179999317e+01 1.931419025949999835e+01
-9.926528978199999642e+01 1.931434421950000058e+01
-9.926513734709999426e+01 1.931455689739999926e+01
-9.926497402639999734e+01 1.931479156549999843e+01
-9.926465193250000141e+01 1.931502279480000084e+01
-9.926451455049999595e+01 1.931531054499999911e+01
-9.926436139150000315e+01 1.931541281379999830e+01
-9.926414532629999599e+01 1.931557979500000144e+01
-9.926381200400000182e+01 1.931583931850000013e+01
-9.926362099600000022e+01 1.931597759159999939e+01
-9.926317055139999468e+01 1.931630602399999930e+01
-9.926277181790000270e+01 1.931677987750000014e+01
-9.926244048220000593e+01 1.931716619170000016e+01
-9.926223624930000256e+01 1.931731228030000125e+01
-9.926176885270000128e+01 1.931768944679999933e+01
-9.926169408510000380e+01 1.931782193060000097e+01
-9.926160353849999751e+01 1.931828190370000087e+01
-9.926139578699999788e+01 1.931871450390000078e+01
-9.926103849499999399e+01 1.931955744040000056e+01
-9.926081726879999678e+01 1.931988538539999922e+01
-9.926057388190000097e+01 1.932014893710000081e+01
-9.926045133770000461e+01 1.932044526410000174e+01
-9.926037450200000478e+01 1.932056612979999954e+01
-9.925989541389999715e+01 1.932103541869999930e+01
-9.925975147949999666e+01 1.932118037240000064e+01
-9.925962158149999937e+01 1.932131119050000123e+01
-9.925921122469999602e+01 1.932160214949999855e+01
-9.925904251590000626e+01 1.932181523659999911e+01
-9.925873506610000163e+01 1.932205297309999992e+01
-9.925857713829999796e+01 1.932212822320000001e+01
-9.925842167749999589e+01 1.932227508780000136e+01
-9.925807510159999936e+01 1.932238551620000067e+01
-9.925794372779999719e+01 1.932249772660000176e+01
-9.925779881900000134e+01 1.932258999620000139e+01
-9.925762000769999815e+01 1.932276254519999981e+01
-9.925752942149999569e+01 1.932286162489999981e+01
-9.925734304069999325e+01 1.932312040320000079e+01
-9.925711123920000034e+01 1.932347316430000106e+01
-9.925692083469999716e+01 1.932374393339999941e+01
-9.925653173759999959e+01 1.932434303790000030e+01
-9.925643164299999910e+01 1.932453902749999841e+01
-9.925635857000000328e+01 1.932476187709999849e+01
-9.925632888750000404e+01 1.932495242090000076e+01
-9.925625860819999957e+01 1.932522085020000091e+01
-9.925611300040000629e+01 1.932543411269999822e+01
-9.925591524450000236e+01 1.932572550020000079e+01
-9.925581937239999775e+01 1.932572262509999916e+01
-9.925560870309999473e+01 1.932600002730000099e+01
-9.925533249529999580e+01 1.932638733779999995e+01
-9.925517572670000277e+01 1.932655930410000167e+01
-9.925490061210000192e+01 1.932667304039999934e+01
-9.925468964290000429e+01 1.932676025809999842e+01
-9.925415446830000121e+01 1.932692311970000176e+01
-9.925398953360000576e+01 1.932695169890000031e+01
-9.925387650989999599e+01 1.932694079930000086e+01
-9.925363449959999684e+01 1.932687252179999859e+01
-9.925335264660000689e+01 1.932686510310000116e+01
-9.925310131499999500e+01 1.932698601070000066e+01
-9.925259602570000084e+01 1.932706424719999916e+01
-9.925225226519999921e+01 1.932708786859999961e+01
-9.925138099539999814e+01 1.932707924280000000e+01
-9.925110823350000544e+01 1.932703035329999963e+01
-9.925070632880000687e+01 1.932702820829999979e+01
-9.925038457019999782e+01 1.932702866629999860e+01
-9.924995862999999474e+01 1.932702923489999947e+01
-9.924935266929999500e+01 1.932721315179999877e+01
-9.924868780590000483e+01 1.932757065659999896e+01
-9.924862747630000115e+01 1.932767617400000049e+01
-9.924835027180000679e+01 1.932779558429999867e+01
-9.924802694870000153e+01 1.932786937510000058e+01
-9.924719629809999333e+01 1.932794104710000127e+01
-9.924638628319999611e+01 1.932807914240000002e+01
-9.924588550379999674e+01 1.932812246820000013e+01
-9.924552310549999845e+01 1.932810999379999828e+01
-9.924538683890000357e+01 1.932813949049999991e+01
-9.924529364340000370e+01 1.932817524980000101e+01
-9.924502810289999388e+01 1.932843418059999863e+01
-9.924462502570000311e+01 1.932845376370000068e+01
-9.924422944650000034e+01 1.932855968699999849e+01
-9.924383128969999746e+01 1.932845171590000177e+01
-9.924372541469999476e+01 1.932846229340000122e+01
-9.924361155660000122e+01 1.932847366829999913e+01
-9.924353611899999805e+01 1.932846455569999833e+01
-9.924305550139999355e+01 1.932822118240000009e+01
-9.924277208079999468e+01 1.932799923589999835e+01
-9.924273016259999736e+01 1.932795288180000171e+01
-9.924249626690000525e+01 1.932759443320000159e+01
-9.924217114469999501e+01 1.932706204710000009e+01
-9.924110112850000576e+01 1.932530987069999995e+01
-9.924107556529999385e+01 1.932517049089999972e+01
-9.924057352079999816e+01 1.932465389220000063e+01
-9.924037993609999830e+01 1.932445469430000173e+01
-9.924032373180000377e+01 1.932442199950000017e+01
-9.924025956280000571e+01 1.932439674029999921e+01
-9.924010194790000128e+01 1.932442482729999966e+01
-9.924005621099999530e+01 1.932443567720000033e+01
-9.923976136909999468e+01 1.932450562220000023e+01
-9.923931729189999373e+01 1.932467578469999836e+01
-9.923926097359999687e+01 1.932466764009999949e+01
-9.923883175070000107e+01 1.932446658969999831e+01
-9.923867119029999628e+01 1.932454115250000015e+01
-9.923822687259999498e+01 1.932454173340000025e+01
-9.923814573260000316e+01 1.932455088980000113e+01
-9.923731292899999801e+01 1.932470027440000138e+01
-9.923688876520000690e+01 1.932489418689999994e+01
-9.923645361360000550e+01 1.932517187990000096e+01
-9.923637157459999969e+01 1.932545773400000044e+01
-9.923601367530000061e+01 1.932589885439999833e+01
-9.923408351070000322e+01 1.932680798910000064e+01
-9.923348854130000518e+01 1.932722750639999987e+01
-9.923213174400000014e+01 1.932849484919999838e+01
-9.923187751090000575e+01 1.932902817300000109e+01
-9.923152690919999941e+01 1.932928846049999905e+01
-9.923120146029999944e+01 1.932983519040000076e+01
-9.923057307009999306e+01 1.933010886170000120e+01
-9.923009720299999969e+01 1.933031610600000150e+01
-9.922968290110000567e+01 1.933036519459999880e+01
-9.922928986380000538e+01 1.933051501070000100e+01
-9.922911494560000278e+01 1.933062405949999985e+01
-9.922887517280000225e+01 1.933078070790000069e+01
-9.922715707620000103e+01 1.933160379770000148e+01
-9.922666975750000518e+01 1.933160440380000011e+01
-9.922627098300000625e+01 1.933156287519999950e+01
-9.922614887090000479e+01 1.933163467940000046e+01
-9.922420485799999312e+01 1.933235806989999972e+01
-9.922411517359999777e+01 1.933249728790000077e+01
-9.922421569499999805e+01 1.933274898670000042e+01
-9.922334303259999899e+01 1.933309293749999824e+01
-9.922321165450000535e+01 1.933315499189999898e+01
-9.922240282090000107e+01 1.933353702619999837e+01
-9.922188966059999871e+01 1.933370262709999921e+01
-9.922132707170000288e+01 1.933382218730000091e+01
-9.922004364720000069e+01 1.933393936490000087e+01
-9.921913878889999694e+01 1.933397889849999984e+01
-9.921856290910000098e+01 1.933439114300000128e+01
-9.921782954379999353e+01 1.933461173410000100e+01
-9.921750457480000307e+01 1.933465165360000171e+01
-9.921713842149999607e+01 1.933469174789999911e+01
-9.921701394810000352e+01 1.933481316749999834e+01
-9.921683782460000600e+01 1.933508703480000079e+01
-9.921658602060000476e+01 1.933522753789999982e+01
-9.921601618130000588e+01 1.933527157820000042e+01
-9.921588484849999645e+01 1.933532157999999868e+01
-9.921573444000000563e+01 1.933539652800000042e+01
-9.921556008029999418e+01 1.933552156380000042e+01
-9.921541814089999889e+01 1.933567522479999923e+01
-9.921531131570000639e+01 1.933610979419999865e+01
-9.921512785720000238e+01 1.933625241560000063e+01
-9.921486358689999463e+01 1.933638774730000165e+01
-9.921477224449999710e+01 1.933640773220000142e+01
-9.921443717420000041e+01 1.933647339650000063e+01
-9.921427545320000263e+01 1.933649094169999927e+01
-9.921383611650000489e+01 1.933653863070000156e+01
-9.921372103129999687e+01 1.933655156269999864e+01
-9.921356757489999723e+01 1.933655504769999922e+01
-9.921328070030000390e+01 1.933651864839999845e+01
-9.921234040749999394e+01 1.933619047210000019e+01
-9.921198357480000141e+01 1.933628407799999849e+01
-9.921174090489999742e+01 1.933625975689999876e+01
-9.921148241880000285e+01 1.933619768149999985e+01
-9.921122666610000351e+01 1.933625333270000013e+01
-9.921050589829999922e+01 1.933665789269999991e+01
-9.921002038890000563e+01 1.933691116190000159e+01
-9.920974969579999936e+01 1.933714367319999994e+01
-9.920946428130000072e+01 1.933734088119999939e+01
-9.920885047039999449e+01 1.933763192729999858e+01
-9.920838779160000342e+01 1.933785131100000143e+01
-9.920815330640000695e+01 1.933788670410000066e+01
-9.920785397410000428e+01 1.933786875410000050e+01
-9.920751512889999901e+01 1.933781112320000162e+01
-9.920781123179999383e+01 1.933734236529999961e+01
-9.920819379440000318e+01 1.933673520409999824e+01
-9.920858899979999990e+01 1.933609616629999906e+01
-9.920867401130000474e+01 1.933597648599999985e+01
-9.920833713259999342e+01 1.933609504220000019e+01
-9.920809681270000624e+01 1.933617961730000090e+01
-9.920784056310000665e+01 1.933627156309999862e+01
-9.920710602020000124e+01 1.933654401820000146e+01
-9.920677122009999493e+01 1.933629696490000072e+01
-9.920665877960000500e+01 1.933621838430000039e+01
-9.920678522730000282e+01 1.933610840160000066e+01
-9.920692054040000585e+01 1.933599115910000066e+01
-9.920745690530000616e+01 1.933551185649999837e+01
-9.920797197660000677e+01 1.933508208299999964e+01
-9.920820506889999990e+01 1.933485146650000175e+01
-9.920844373990000520e+01 1.933457260799999844e+01
-9.920863204219999432e+01 1.933432904269999852e+01
-9.920893203999999344e+01 1.933390830549999961e+01
-9.920912393199999713e+01 1.933363342399999851e+01
-9.920936936580000065e+01 1.933327827970000001e+01
-9.920958691340000257e+01 1.933289059639999863e+01
-9.921023654990000296e+01 1.933157799130000143e+01
-9.921027734269999598e+01 1.933149486179999954e+01
-9.921045431899999301e+01 1.933113420840000174e+01
-9.921050481279999644e+01 1.933103626870000014e+01
-9.921065944190000607e+01 1.933073634109999972e+01
-9.921179682870000249e+01 1.932843370819999862e+01
-9.921211020840000572e+01 1.932782807510000112e+01
-9.921246667479999815e+01 1.932723471590000131e+01
-9.921268766469999889e+01 1.932692292939999845e+01
-9.921278333040000064e+01 1.932679703259999826e+01
-9.921360913969999729e+01 1.932591803860000113e+01
-9.921434952970000154e+01 1.932532139430000129e+01
-9.921594054169999310e+01 1.932421177650000033e+01
-9.921756141010000363e+01 1.932310288949999943e+01
-9.921856347429999801e+01 1.932241639449999937e+01
-9.921931032530000039e+01 1.932189807139999971e+01
-9.922005826180000554e+01 1.932138787059999885e+01
-9.922046997060000706e+01 1.932108114000000043e+01
-9.922057140280000453e+01 1.932099035759999950e+01
-9.922071723470000393e+01 1.932085802980000011e+01
-9.922090099429999555e+01 1.932064759289999856e+01
-9.922103349389999494e+01 1.932044538950000145e+01
-9.922114646820000416e+01 1.932026930649999841e+01
-9.922123227890000408e+01 1.932009560419999872e+01
-9.922131016849999696e+01 1.931990872689999961e+01
-9.922140830269999867e+01 1.931964385379999882e+01
-9.922146711329999391e+01 1.931930064850000051e+01
-9.922148553530000470e+01 1.931896918600000035e+01
-9.922147795099999712e+01 1.931869238550000034e+01
-9.922145264339999926e+01 1.931851636480000067e+01
-9.922142440000000363e+01 1.931831973339999919e+01
-9.922136894560000542e+01 1.931807565389999937e+01
-9.922131584090000445e+01 1.931784019070000014e+01
-9.922129133319999994e+01 1.931773161219999935e+01
-9.922122321370000009e+01 1.931739850299999972e+01
-9.922119636710000634e+01 1.931726709679999843e+01
-9.922115656580000120e+01 1.931705381520000131e+01
-9.922107683660000532e+01 1.931660607699999943e+01
-9.922104148830000270e+01 1.931639847880000005e+01
-9.922097259749999409e+01 1.931603121630000075e+01
-9.922096032730000559e+01 1.931595779990000139e+01
-9.922084273829999290e+01 1.931529351040000009e+01
-9.922080636869999637e+01 1.931508702980000081e+01
-9.922075487380000425e+01 1.931480960740000086e+01
-9.922073252609999372e+01 1.931468890869999910e+01
-9.922065662519999307e+01 1.931429986570000068e+01
-9.922051735239999459e+01 1.931371653400000099e+01
-9.922041179039999292e+01 1.931339348270000045e+01
-9.922030327410000439e+01 1.931308376229999979e+01
-9.922012193429999627e+01 1.931267383369999990e+01
-9.921992544020000082e+01 1.931226363600000084e+01
-9.922047180399999888e+01 1.931132268200000013e+01
-9.922056226249999611e+01 1.931122956600000151e+01
-9.922066057950000584e+01 1.931114712919999832e+01
-9.922070782929999666e+01 1.931112981860000133e+01
-9.922097140569999851e+01 1.931107861970000172e+01
-9.922130720449999330e+01 1.931106105270000128e+01
-9.922174046169999428e+01 1.931103796200000033e+01
-9.922299869610000655e+01 1.931095083530000167e+01
-9.922392893859999674e+01 1.931089657260000081e+01
-9.922405266600000573e+01 1.931086044519999945e+01
-9.922462556360000008e+01 1.931072866819999945e+01
-9.922493341999999927e+01 1.931059778130000026e+01
-9.922501754559999654e+01 1.931033573759999911e+01
-9.922517073420000600e+01 1.930995724650000156e+01
-9.922691213080000239e+01 1.930864928369999944e+01
-9.922723953060000213e+01 1.930840784970000001e+01
-9.922743585409999412e+01 1.930822597579999922e+01
-9.922761342500000126e+01 1.930806147350000046e+01
-9.922772335509999664e+01 1.930791431449999962e+01
-9.922774658420000549e+01 1.930778308160000023e+01
-9.922771394740000517e+01 1.930760911340000163e+01
-9.922764625669999816e+01 1.930737866999999852e+01
-9.922759221479999781e+01 1.930719228379999919e+01
-9.922766096559999482e+01 1.930706143189999935e+01
-9.922767661589999477e+01 1.930703164550000039e+01
-9.922774703010000508e+01 1.930696321650000158e+01
-9.922789287090000698e+01 1.930685706839999938e+01
-9.922866704039999775e+01 1.930654878849999889e+01
-9.922894948229999557e+01 1.930648383140000135e+01
-9.922936221889999331e+01 1.930647888969999926e+01
-9.922954920920000177e+01 1.930638185959999831e+01
-9.922980570379999676e+01 1.930618655290000163e+01
-9.922992933000000448e+01 1.930601275409999928e+01
-9.923016500750000546e+01 1.930586405100000036e+01
-9.923040648699999622e+01 1.930576839160000091e+01
-9.923061854370000390e+01 1.930568170769999981e+01
-9.923091373990000363e+01 1.930557297689999885e+01
-9.923119706219999614e+01 1.930544913519999994e+01
-9.923169189419999725e+01 1.930520289569999903e+01
-9.923190460509999866e+01 1.930504231580000152e+01
-9.923193023589999484e+01 1.930479766159999855e+01
-9.923198483570000406e+01 1.930427646649999929e+01
-9.923204221769999833e+01 1.930388102770000103e+01
-9.923224830549999353e+01 1.930378878519999830e+01
-9.923233737329999826e+01 1.930298273460000047e+01
-9.923254747030000544e+01 1.930300044859999886e+01
-9.923264607439999452e+01 1.930248151949999880e+01
-9.923297391430000403e+01 1.930181012639999949e+01
-9.923222882090000496e+01 1.930146850890000110e+01
-9.923239715190000254e+01 1.930132556739999927e+01
-9.923276303869999992e+01 1.930104816260000078e+01
-9.923293801009999981e+01 1.930092316589999868e+01
-9.923326352690000363e+01 1.930078656519999925e+01
-9.923339711430000420e+01 1.930081623790000123e+01
-9.923336212990000149e+01 1.930023173869999908e+01
-9.923337106959999687e+01 1.930007783719999992e+01
-9.923321221739999487e+01 1.930009519000000040e+01
-9.923306498520000218e+01 1.930009808399999827e+01
-9.923280875490000597e+01 1.929997261060000113e+01
-9.923271009990000380e+01 1.929988947849999903e+01
-9.923272603060000563e+01 1.929979946059999918e+01
-9.923279521829999794e+01 1.929971866169999828e+01
-9.923284786799999324e+01 1.929958352170000069e+01
-9.923283162430000459e+01 1.929945614629999895e+01
-9.923281331239999759e+01 1.929932170569999883e+01
-9.923278553960000181e+01 1.929918873540000135e+01
-9.923274075279999806e+01 1.929905466880000020e+01
-9.923272341370000049e+01 1.929892411220000170e+01
-9.923272319410000364e+01 1.929876832989999969e+01
-9.923272312400000317e+01 1.929871891040000165e+01
-9.923272308159999966e+01 1.929868907279999846e+01
-9.923272285310000029e+01 1.929852739380000060e+01
-9.923268996829999367e+01 1.929838481470000033e+01
-9.923258379790000561e+01 1.929813313289999854e+01
-9.923252061920000244e+01 1.929801156790000149e+01
-9.923248291020000522e+01 1.929787653840000061e+01
-9.923249437440000520e+01 1.929773528120000137e+01
-9.923263113340000530e+01 1.929749955120000138e+01
-9.923318663080000590e+01 1.929669917789999900e+01
-9.923330120800000032e+01 1.929659518160000076e+01
-9.923345780389999504e+01 1.929646390390000121e+01
-9.923363564180000651e+01 1.929636103800000058e+01
-9.923383263750000083e+01 1.929625930930000166e+01
-9.923399003909999294e+01 1.929616418410000023e+01
-9.923408945830000505e+01 1.929606689330000080e+01
-9.923418808579999961e+01 1.929596887769999825e+01
-9.923438419359999330e+01 1.929574380220000052e+01
-9.923445003889999327e+01 1.929569041650000116e+01
-9.923453258429999835e+01 1.929566606330000056e+01
-9.923462104809999573e+01 1.929565475940000141e+01
-9.923469180120000033e+01 1.929563415229999990e+01
-9.923476449209999828e+01 1.929559302639999885e+01
-9.923490396149999526e+01 1.929539212110000079e+01
-9.923511983859999930e+01 1.929525521800000121e+01
-9.923526452080000126e+01 1.929517336239999992e+01
-9.923538948200000220e+01 1.929510779949999844e+01
-9.923547385460000214e+01 1.929499577580000036e+01
-9.923557074510000575e+01 1.929499149700000160e+01
-9.923567490210000130e+01 1.929509592879999857e+01
-9.923580426309999325e+01 1.929514307819999885e+01
-9.923597267719999593e+01 1.929514800700000166e+01
-9.923609707399999991e+01 1.929510811389999958e+01
-9.923615815300000520e+01 1.929499624709999850e+01
-9.923614322459999926e+01 1.929489971110000113e+01
-9.923602067550000072e+01 1.929483016349999858e+01
-9.923591823380000676e+01 1.929472024389999874e+01
-9.923586969859999840e+01 1.929462531169999906e+01
-9.923590064219999363e+01 1.929450639450000082e+01
-9.923596852590000594e+01 1.929445637070000075e+01
-9.923611477379999712e+01 1.929443284010000070e+01
-9.923637965919999715e+01 1.929441764310000096e+01
-9.923652681199999392e+01 1.929436870620000022e+01
-9.923672118870000247e+01 1.929439981890000055e+01
-9.923693866520000029e+01 1.929431709369999837e+01
-9.923707164100000000e+01 1.929426847590000094e+01
-9.923721692099999814e+01 1.929425871640000167e+01
-9.923747825750000118e+01 1.929431725099999895e+01
-9.923763563120000697e+01 1.929433722730000156e+01
-9.923776765009999679e+01 1.929437814210000113e+01
-9.923789978150000479e+01 1.929442885299999944e+01
-9.923796714140000574e+01 1.929445372609999865e+01
-9.923798471199999938e+01 1.929446287309999875e+01
-9.923801073120000638e+01 1.929447739429999942e+01
-9.923802995020000139e+01 1.929448812080000053e+01
-9.923856077310000501e+01 1.929468808320000051e+01
-9.923862955040000600e+01 1.929470311789999926e+01
-9.923869364620000511e+01 1.929469904740000175e+01
-9.923938224779999473e+01 1.929449170470000041e+01
-9.923965232850000007e+01 1.929438091589999971e+01
-9.923978538170000263e+01 1.929431811950000153e+01
-9.923999417509999432e+01 1.929421805020000136e+01
-9.924014963809999301e+01 1.929413014989999908e+01
-9.924016624489999572e+01 1.929412076059999848e+01
-9.924028288739999937e+01 1.929407493560000120e+01
-9.924037377199999810e+01 1.929405055870000041e+01
-9.924047557660000507e+01 1.929409742520000037e+01
-9.924056467539999460e+01 1.929413729330000038e+01
-9.924063619759999710e+01 1.929418106319999993e+01
-9.924068085919999760e+01 1.929420012670000162e+01
-9.924077177329999699e+01 1.929419284600000140e+01
-9.924082743719999655e+01 1.929417084150000150e+01
-9.924094522119999340e+01 1.929408633110000082e+01
-9.924108576010000604e+01 1.929406254090000061e+01
-9.924122681660000467e+01 1.929404160149999825e+01
-9.924138461879999795e+01 1.929401848979999912e+01
-9.924147851509999896e+01 1.929393177580000085e+01
-9.924150611950000211e+01 1.929379274520000109e+01
-9.924154185359999758e+01 1.929366150010000069e+01
-9.924161474310000131e+01 1.929354493909999846e+01
-9.924177911499999993e+01 1.929332324820000011e+01
-9.924192150000000368e+01 1.929314416069999893e+01
-9.924154959179999480e+01 1.929286334300000050e+01
-9.924225214780000215e+01 1.929290421319999993e+01
-9.924231703319999554e+01 1.929285555430000088e+01
-9.924256588279999391e+01 1.929248301330000004e+01
-9.924266463979999742e+01 1.929227280279999945e+01
-9.924283689630000538e+01 1.929187061040000017e+01
-9.924289717569999425e+01 1.929167738689999823e+01
-9.924299671369999487e+01 1.929143731790000160e+01
-9.924282461200000682e+01 1.929017134420000090e+01
-9.924277902810000285e+01 1.928964872179999901e+01
-9.924276159480000103e+01 1.928936006589999863e+01
-9.924271608809999634e+01 1.928927536659999831e+01
-9.924249133569999515e+01 1.928925044609999873e+01
-9.924237408739999466e+01 1.928923450459999955e+01
-9.924226999059999343e+01 1.928917361770000127e+01
-9.924208264220000331e+01 1.928902024949999827e+01
-9.924189839740000707e+01 1.928890078990000134e+01
-9.924179149210000617e+01 1.928881987789999997e+01
-9.924156692939999402e+01 1.928860740960000086e+01
-9.924149556730000654e+01 1.928852265820000156e+01
-9.924131554509999376e+01 1.928830885769999881e+01
-9.924107578669999441e+01 1.928807255899999973e+01
-9.924101412790000154e+01 1.928798966260000114e+01
-9.924102078660000359e+01 1.928755950329999891e+01
-9.924097297900000569e+01 1.928744848950000090e+01
-9.924082774750000624e+01 1.928730935669999980e+01
-9.924080129959999397e+01 1.928716465740000174e+01
-9.924080638620000627e+01 1.928699241209999826e+01
-9.924094773580000606e+01 1.928672265450000012e+01
-9.924104133250000359e+01 1.928672499500000015e+01
-9.924115091150000012e+01 1.928671881720000059e+01
-9.924128578330000039e+01 1.928667493040000025e+01
-9.924154302169999653e+01 1.928647790859999844e+01
-9.924163205620000383e+01 1.928631492970000139e+01
-9.924172099410000669e+01 1.928608680660000019e+01
-9.924176208609999605e+01 1.928594450639999991e+01
-9.924179879019999362e+01 1.928581740350000118e+01
-9.924192777480000416e+01 1.928547159509999886e+01
-9.924262133019999510e+01 1.928442222620000024e+01
-9.924273558599999490e+01 1.928424935259999984e+01
-9.924283825499999523e+01 1.928412498260000163e+01
-9.924294405009999309e+01 1.928409427360000095e+01
-9.924290150890000461e+01 1.928391215350000110e+01
-9.924283244609999599e+01 1.928376063310000177e+01
-9.924233356729999400e+01 1.928335007600000139e+01
-9.924210190760000216e+01 1.928331331569999918e+01
-9.924201572079999778e+01 1.928326968049999834e+01
-9.924196487470000250e+01 1.928314793459999876e+01
-9.924195696719999660e+01 1.928300856970000154e+01
-9.924202259519999814e+01 1.928290167520000153e+01
-9.924214882459999387e+01 1.928282313960000138e+01
-9.924278492380000216e+01 1.928251571310000045e+01
-9.924292400199999520e+01 1.928246888130000158e+01
-9.924310934300000042e+01 1.928240647140000164e+01
-9.924323164439999800e+01 1.928236528920000126e+01
-9.924331768269999543e+01 1.928233631679999860e+01
-9.924344516969999574e+01 1.928225870110000173e+01
-9.924354618350000123e+01 1.928219086900000079e+01
-9.924362772819999634e+01 1.928206514469999888e+01
-9.924364365370000485e+01 1.928195098120000139e+01
-9.924358991520000473e+01 1.928182539250000005e+01
-9.924350219389999950e+01 1.928171844370000088e+01
-9.924341966880000143e+01 1.928160782879999857e+01
-9.924331747050000274e+01 1.928143891190000048e+01
-9.924330787179999902e+01 1.928135837439999989e+01
-9.924331420849999574e+01 1.928122294839999995e+01
-9.924336132029999646e+01 1.928107690699999921e+01
-9.924345939209999301e+01 1.928098982379999882e+01
-9.924356288180000263e+01 1.928089644739999997e+01
-9.924366578400000094e+01 1.928080248670000074e+01
-9.924376868689999753e+01 1.928070852689999981e+01
-9.924387173940000650e+01 1.928061471470000043e+01
-9.924397222100000704e+01 1.928051842200000010e+01
-9.924405998059999945e+01 1.928041150230000156e+01
-9.924417521719999513e+01 1.928033148720000156e+01
-9.924430448850000630e+01 1.928027397370000173e+01
-9.924443680689999780e+01 1.928024688900000072e+01
-9.924459156669999516e+01 1.928020469360000178e+01
-9.924491293170000006e+01 1.928013731240000084e+01
-9.924493468469999868e+01 1.928007063660000142e+01
-9.924491282019999971e+01 1.927988689549999890e+01
-9.924484607569999639e+01 1.927954042560000048e+01
-9.924480476930000350e+01 1.927932571010000018e+01
-9.924479092880000053e+01 1.927921890709999886e+01
-9.924479819549999604e+01 1.927912685040000085e+01
-9.924480975410000383e+01 1.927906741270000168e+01
-9.924486963149999497e+01 1.927887850120000124e+01
-9.924502259209999977e+01 1.927843190400000140e+01
-9.924525903069999799e+01 1.927759048880000137e+01
-9.924535570439999788e+01 1.927707379510000152e+01
-9.924536778120000236e+01 1.927696395339999924e+01
-9.924535784430000263e+01 1.927679170060000047e+01
-9.924528018670000051e+01 1.927661632439999906e+01
-9.924519546279999815e+01 1.927648902749999849e+01
-9.924488741070000231e+01 1.927620941569999857e+01
