-9.916371277380000038e+01 1.945643477579999825e+01
-9.916371952619999774e+01 1.945639689329999911e+01
-9.916382291770000279e+01 1.945581684689999946e+01
-9.916401181909999707e+01 1.945427302039999873e+01
-9.916408123380000461e+01 1.945371381229999841e+01
-9.916419983389999970e+01 1.945268243399999974e+01
-9.916422796220000180e+01 1.945233589129999885e+01
-9.916427225760000397e+01 1.945184907850000045e+01
-9.916430558300000087e+01 1.945062690960000040e+01
-9.916433061460000431e+01 1.944998468469999864e+01
-9.916439603729999419e+01 1.944966259879999981e+01
-9.916450704099999314e+01 1.944918652120000147e+01
-9.916473416479999514e+01 1.944817256889999868e+01
-9.916483907929999475e+01 1.944767112539999943e+01
-9.916491773090000095e+01 1.944727665430000130e+01
-9.916503898950000462e+01 1.944669791069999931e+01
-9.916513537170000347e+01 1.944629314999999892e+01
-9.916521973119999700e+01 1.944590584119999832e+01
-9.916530159799999922e+01 1.944553704659999838e+01
-9.916538531499999465e+01 1.944518410539999920e+01
-9.916553402149999386e+01 1.944458662710000141e+01
-9.916572061249999592e+01 1.944382046180000145e+01
-9.916578098220000470e+01 1.944364867830000065e+01
-9.916590152999999930e+01 1.944338479789999852e+01
-9.916641461659999379e+01 1.944252419020000033e+01
-9.916688969909999685e+01 1.944146185520000003e+01
-9.916741822170000376e+01 1.944035883209999938e+01
-9.916763951209999561e+01 1.943991882710000141e+01
-9.916793988089999345e+01 1.943928517020000157e+01
-9.916817796949999320e+01 1.943878992559999830e+01
-9.916848655969999982e+01 1.943815200759999939e+01
-9.916879797030000532e+01 1.943763312429999957e+01
-9.916911113919999821e+01 1.943716077770000084e+01
-9.916967821149999907e+01 1.943632551520000007e+01
-9.917058154080000065e+01 1.943489192010000011e+01
-9.917119241550000197e+01 1.943398047009999985e+01
-9.917143333340000311e+01 1.943360310279999936e+01
-9.917174677959999940e+01 1.943314597870000071e+01
-9.917220909309999399e+01 1.943240251399999963e+01
-9.917263552890000256e+01 1.943163120559999868e+01
-9.917301316110000187e+01 1.943093933540000151e+01
-9.917378256690000171e+01 1.942954523710000103e+01
-9.917426542399999789e+01 1.942882898759999932e+01
-9.917439023699999723e+01 1.942863508699999997e+01
-9.917468426569999451e+01 1.942817830179999916e+01
-9.917474284989999944e+01 1.942808728800000040e+01
-9.917557923169999867e+01 1.942684034419999861e+01
-9.917565808519999848e+01 1.942672278179999878e+01
-9.917618550980000691e+01 1.942591624980000020e+01
-9.917645683640000698e+01 1.942546630149999842e+01
-9.917665523070000688e+01 1.942517874090000163e+01
-9.917706612780000341e+01 1.942452381540000061e+01
-9.917763620600000252e+01 1.942359570070000174e+01
-9.917694367010000178e+01 1.942347300970000035e+01
-9.917621988400000532e+01 1.942335796969999961e+01
-9.917593613450000589e+01 1.942333194409999919e+01
-9.917567815149999433e+01 1.942333845909999823e+01
-9.917520416950000595e+01 1.942320782430000037e+01
-9.917509612249999407e+01 1.942315929820000164e+01
-9.917505501889999664e+01 1.942304279489999885e+01
-9.917526119570000276e+01 1.942274959539999912e+01
-9.917529055970000229e+01 1.942269441979999911e+01
-9.917534031850000531e+01 1.942272131889999898e+01
-9.917542634309999983e+01 1.942273495599999933e+01
-9.917550758100000508e+01 1.942272174689999886e+01
-9.917559062520000168e+01 1.942267089910000166e+01
-9.917566137059999676e+01 1.942259614669999834e+01
-9.917627345809999895e+01 1.942145821280000106e+01
-9.917634610669999518e+01 1.942126543479999867e+01
-9.917635378529999457e+01 1.942119357729999862e+01
-9.917632549699999345e+01 1.942111587360000158e+01
-9.917633261570000514e+01 1.942104048239999869e+01
-9.917637751360000209e+01 1.942097316959999986e+01
-9.917641593240000475e+01 1.942083781710000068e+01
-9.917643858019999925e+01 1.942068751169999885e+01
-9.917647268109999459e+01 1.942056277420000043e+01
-9.917654909200000191e+01 1.942045385320000150e+01
-9.917661700079999321e+01 1.942037731310000126e+01
-9.917667303599999684e+01 1.942030116389999961e+01
-9.917674472939999930e+01 1.942022629479999907e+01
-9.917685617589999936e+01 1.942015827029999997e+01
-9.917698592479999320e+01 1.942013058339999887e+01
-9.917714827150000190e+01 1.942002694900000037e+01
-9.917749373910000088e+01 1.941946852430000092e+01
-9.917776610590000530e+01 1.941928581149999999e+01
-9.917789685060000693e+01 1.941895410000000055e+01
-9.917810043679999410e+01 1.941852415119999975e+01
-9.917832921980000549e+01 1.941811227239999837e+01
-9.917897700470000188e+01 1.941692972919999960e+01
-9.917953251859999853e+01 1.941593123130000009e+01
-9.917974929029999487e+01 1.941554713720000080e+01
-9.918032291650000332e+01 1.941446544660000129e+01
-9.918050191620000078e+01 1.941414486929999939e+01
-9.918100567349999608e+01 1.941329724479999896e+01
-9.918114248230000385e+01 1.941307890139999870e+01
-9.918136002430000531e+01 1.941271296940000113e+01
-9.918162381659999483e+01 1.941235806239999917e+01
-9.918214925770000434e+01 1.941148739979999860e+01
-9.918252082499999744e+01 1.941091474930000160e+01
-9.918293893339999556e+01 1.941037705569999972e+01
-9.918301021179999566e+01 1.941025234070000138e+01
-9.918350106280000489e+01 1.940940648870000018e+01
-9.918354765169999609e+01 1.940931992320000177e+01
-9.918430391559999748e+01 1.940782698969999842e+01
-9.918247192239999777e+01 1.940721787500000062e+01
-9.918068227800000614e+01 1.940664854199999922e+01
-9.917981909380000616e+01 1.940637623070000117e+01
-9.917891620579999312e+01 1.940607049380000149e+01
-9.917794679070000541e+01 1.940574837449999990e+01
-9.917712864770000181e+01 1.940544739810000152e+01
-9.917620202620000214e+01 1.940512284569999935e+01
-9.917529739949999623e+01 1.940482462840000011e+01
-9.917487268429999858e+01 1.940468055850000084e+01
-9.917438756110000497e+01 1.940452145489999936e+01
-9.917346652979999533e+01 1.940420970370000120e+01
-9.917261450109999998e+01 1.940393051210000053e+01
-9.917177318609999759e+01 1.940366473239999934e+01
-9.917167691880000291e+01 1.940363470859999850e+01
-9.917107853779999971e+01 1.940349716900000132e+01
-9.917097244890000241e+01 1.940274810769999903e+01
-9.917085448779999979e+01 1.940221478429999991e+01
-9.917077348669999992e+01 1.940184022729999924e+01
-9.917076637990000165e+01 1.940179787190000127e+01
-9.917037431350000531e+01 1.940033178219999854e+01
-9.917035911520000013e+01 1.940020094360000158e+01
-9.917039465089999339e+01 1.939995006339999861e+01
-9.917043552820000230e+01 1.939978980440000100e+01
-9.917225435000000289e+01 1.939923402810000042e+01
-9.917310708659999818e+01 1.939897344459999928e+01
-9.917338213239999334e+01 1.939888939389999933e+01
-9.917398791879999465e+01 1.939870306070000083e+01
-9.917407635569999513e+01 1.939867585889999901e+01
-9.917445227560000376e+01 1.939856022929999924e+01
-9.917446899680000172e+01 1.939855508599999823e+01
-9.917451875880000500e+01 1.939853977909999827e+01
-9.917553237360000651e+01 1.939809410559999847e+01
-9.917604619680000155e+01 1.939798051580000049e+01
-9.917664041230000294e+01 1.939784915139999910e+01
-9.917672316719999515e+01 1.939783170000000112e+01
-9.917772750769999845e+01 1.939761989229999983e+01
-9.917820131690000096e+01 1.939752046139999919e+01
-9.917890317799999877e+01 1.939736902530000151e+01
-9.917951160970000046e+01 1.939740035169999999e+01
-9.918014949450000017e+01 1.939727195440000074e+01
-9.918095754530000363e+01 1.939709591289999935e+01
-9.918120954980000192e+01 1.939709257879999882e+01
-9.918171347950000438e+01 1.939699428959999850e+01
-9.918210124610000378e+01 1.939696140079999864e+01
-9.918224271719999763e+01 1.939686742139999964e+01
-9.918246329759999469e+01 1.939676133089999865e+01
-9.918341678119999472e+01 1.939641059670000089e+01
-9.918409705969999379e+01 1.939615742269999998e+01
-9.918429905269999836e+01 1.939613392400000080e+01
-9.918452490459999638e+01 1.939610471680000003e+01
-9.918520829000000560e+01 1.939596352050000050e+01
-9.918531175139999334e+01 1.939593332729999986e+01
-9.918596166250000579e+01 1.939575204519999829e+01
-9.918637602389999586e+01 1.939564860420000159e+01
-9.918648966390000510e+01 1.939564144099999865e+01
-9.918754860999999323e+01 1.939569263879999994e+01
-9.918759816669999907e+01 1.939569231509999980e+01
-9.918782212429999845e+01 1.939567932770000169e+01
-9.918851021780000110e+01 1.939564496919999925e+01
-9.918861667539999871e+01 1.939563342090000120e+01
-9.918905517470000177e+01 1.939559032980000097e+01
-9.918909540740000352e+01 1.939568629149999879e+01
-9.918925832680000099e+01 1.939607482290000107e+01
-9.918958428480000578e+01 1.939685364940000056e+01
-9.918987638839999477e+01 1.939758642929999866e+01
-9.918992279450000638e+01 1.939770655770000118e+01
-9.919017862970000010e+01 1.939831525199999973e+01
-9.919036270300000524e+01 1.939875595310000023e+01
-9.919047632439999518e+01 1.939902175590000155e+01
-9.919061402719999876e+01 1.939932222450000054e+01
-9.919082581189999814e+01 1.939965023239999908e+01
-9.919115364239999622e+01 1.940010917840000104e+01
-9.919128184699999906e+01 1.940026469160000033e+01
-9.919149145970000347e+01 1.940043726629999910e+01
-9.919188784099999623e+01 1.940072716090000071e+01
-9.919202493449999736e+01 1.940085585450000139e+01
-9.919213303210000277e+01 1.940098071079999897e+01
-9.919222473809999485e+01 1.940113169949999872e+01
-9.919229563269999517e+01 1.940132937339999941e+01
-9.919231802349999327e+01 1.940139290109999948e+01
-9.919234461700000338e+01 1.940165327689999941e+01
-9.919227162549999832e+01 1.940238702199999921e+01
-9.919224844299999688e+01 1.940262750670000003e+01
-9.919219719730000406e+01 1.940309585339999998e+01
-9.919218571419999364e+01 1.940323803769999955e+01
-9.919220139450000318e+01 1.940374302709999910e+01
-9.919236494289999939e+01 1.940372500369999997e+01
-9.919247961809999481e+01 1.940371236189999848e+01
-9.919298988650000126e+01 1.940365614850000142e+01
-9.919373237749999817e+01 1.940357684450000164e+01
-9.919383791049999388e+01 1.940356451490000111e+01
-9.919415886989999365e+01 1.940352701489999987e+01
-9.919432162990000279e+01 1.940350741259999978e+01
-9.919452083429999334e+01 1.940348448330000153e+01
-9.919465810990000421e+01 1.940346781199999882e+01
-9.919544967470000074e+01 1.940334390339999970e+01
-9.919587715139999773e+01 1.940329170040000051e+01
-9.919662775839999824e+01 1.940320486130000077e+01
-9.919671171900000672e+01 1.940319245670000115e+01
-9.919761364800000081e+01 1.940309120079999872e+01
-9.919806872579999890e+01 1.940300366780000019e+01
-9.919830643500000633e+01 1.940293365420000171e+01
-9.919843454630000679e+01 1.940288544770000101e+01
-9.919893922720000035e+01 1.940266285979999950e+01
-9.919956334670000331e+01 1.940239827339999934e+01
-9.919986648370000637e+01 1.940227875329999918e+01
-9.920050140210000222e+01 1.940203265479999928e+01
-9.920099600359999670e+01 1.940184300259999972e+01
-9.920141667049999512e+01 1.940168202510000128e+01
-9.920154894399999534e+01 1.940164664079999923e+01
-9.920190160779999644e+01 1.940155618529999870e+01
-9.920221058570000139e+01 1.940152739939999904e+01
-9.920247426010000424e+01 1.940150219619999916e+01
-9.920307595149999713e+01 1.940143377920000134e+01
-9.920376570010000705e+01 1.940136200159999902e+01
-9.920455906159999415e+01 1.940127658509999975e+01
-9.920503994819999605e+01 1.940121490110000124e+01
-9.920617254610000657e+01 1.940106558020000094e+01
-9.920784522030000119e+01 1.940085392729999825e+01
-9.920841507469999954e+01 1.940076450800000174e+01
-9.920904841409999619e+01 1.940065743019999900e+01
-9.921044845699999826e+01 1.940043668130000043e+01
-9.921051001630000599e+01 1.940042471470000152e+01
-9.921094514799999331e+01 1.940027660260000175e+01
-9.921147544820000519e+01 1.940012969440000035e+01
-9.921202662180000686e+01 1.939994960840000005e+01
-9.921256782870000279e+01 1.939980630750000046e+01
-9.921267408559999978e+01 1.939976487919999926e+01
-9.921302540130000125e+01 1.939955927160000115e+01
-9.921386617989999479e+01 1.939911769720000123e+01
-9.921448021889999325e+01 1.939883973430000097e+01
-9.921485610230000418e+01 1.939870570089999902e+01
-9.921587621550000335e+01 1.939837662409999908e+01
-9.921629225069999336e+01 1.939825259870000096e+01
-9.921690644330000453e+01 1.939803354040000016e+01
-9.921707744930000672e+01 1.939797393159999928e+01
-9.921831558540000628e+01 1.939755466880000156e+01
-9.921951320339999825e+01 1.939717047790000137e+01
-9.922206021419999900e+01 1.939632757440000077e+01
-9.922244442699999922e+01 1.939620248179999962e+01
-9.922357876430000090e+01 1.939585271250000176e+01
-9.922421961400000612e+01 1.939574613079999921e+01
-9.922499053769999477e+01 1.939563274200000009e+01
-9.922515871849999769e+01 1.939563913759999991e+01
-9.922571033539999519e+01 1.939566587279999865e+01
-9.922603607359999955e+01 1.939569056139999859e+01
-9.922664838299999701e+01 1.939577167939999924e+01
-9.922697876399999473e+01 1.939580309040000117e+01
-9.922734513839999693e+01 1.939579584819999880e+01
-9.922770293000000663e+01 1.939573080150000095e+01
-9.922818307970000262e+01 1.939564509379999890e+01
-9.922924731889999350e+01 1.939541684150000123e+01
-9.922977025570000364e+01 1.939530343230000042e+01
-9.922998127329999818e+01 1.939525631360000091e+01
-9.923049109830000702e+01 1.939508351499999961e+01
-9.923085445840000318e+01 1.939494991200000129e+01
-9.923106687850000185e+01 1.939489863289999860e+01
-9.923127556270000582e+01 1.939487213780000019e+01
-9.923151948560000335e+01 1.939486902029999982e+01
-9.923193713050000042e+01 1.939490667669999979e+01
-9.923225321249999809e+01 1.939493342769999984e+01
-9.923257682019999493e+01 1.939490351350000097e+01
-9.923284189819999312e+01 1.939481447769999889e+01
-9.923548170050000294e+01 1.939374313149999907e+01
-9.923580771180000681e+01 1.939362606570000125e+01
-9.923603952989999755e+01 1.939356247130000099e+01
-9.923625855980000665e+01 1.939354046920000130e+01
-9.923648463870000569e+01 1.939354555950000147e+01
-9.923709947209999882e+01 1.939360468550000149e+01
-9.923738286740000092e+01 1.939359872010000174e+01
-9.923760342090000108e+01 1.939356751029999870e+01
-9.923784260600000096e+01 1.939349126850000005e+01
-9.923802818320000085e+01 1.939339650830000039e+01
-9.923880750760000069e+01 1.939282424900000024e+01
-9.923892126430000360e+01 1.939267441799999858e+01
-9.923900662450000709e+01 1.939247338699999901e+01
-9.923903332540000122e+01 1.939228632349999870e+01
-9.923901589640000509e+01 1.939170113630000003e+01
-9.923899683720000553e+01 1.939106122620000150e+01
-9.923902176170000189e+01 1.939072794189999982e+01
-9.923913282830000071e+01 1.939040590169999945e+01
-9.923941970629999787e+01 1.938958908529999903e+01
-9.923951582610000344e+01 1.938937973719999874e+01
-9.923967265039999575e+01 1.938913669800000150e+01
-9.923992904739999688e+01 1.938886406430000164e+01
-9.924020938639999656e+01 1.938865305430000063e+01
-9.924046637540000404e+01 1.938849936429999943e+01
-9.924113855989999422e+01 1.938814122490000003e+01
-9.924138635219999571e+01 1.938798174940000152e+01
-9.924210905340000011e+01 1.938735461870000165e+01
-9.924267897000000005e+01 1.938703519130000075e+01
-9.924294526170000097e+01 1.938695169769999893e+01
-9.924319812269999375e+01 1.938691845900000033e+01
-9.924332582469999409e+01 1.938693748769999914e+01
-9.924364460990000225e+01 1.938698509529999825e+01
-9.924475179009999692e+01 1.938734382139999823e+01
-9.924499756599999500e+01 1.938738581890000034e+01
-9.924517434460000231e+01 1.938740361860000050e+01
-9.924547736540000642e+01 1.938739438420000027e+01
-9.924573846049999304e+01 1.938732023449999886e+01
-9.924599852330000260e+01 1.938723026899999979e+01
-9.924623846250000270e+01 1.938708515260000098e+01
-9.924656977649999590e+01 1.938682881320000106e+01
-9.924765261379999970e+01 1.938595701619999900e+01
-9.924763323380000202e+01 1.938617230119999846e+01
-9.924768787989999907e+01 1.938631912629999832e+01
-9.924778346600000134e+01 1.938651274480000097e+01
-9.924799135840000019e+01 1.938677638829999950e+01
-9.924813356890000193e+01 1.938711931159999935e+01
-9.924827817780000316e+01 1.938746841589999903e+01
-9.924833069609999825e+01 1.938768511210000156e+01
-9.924840382540000405e+01 1.938878906300000082e+01
-9.924850788819999536e+01 1.939019193109999861e+01
-9.924852340629999503e+01 1.939030994579999856e+01
-9.924852709770000558e+01 1.939040936430000173e+01
-9.924850374279999699e+01 1.939056360980000093e+01
-9.924841209209999704e+01 1.939070597379999938e+01
-9.924836055209999586e+01 1.939078603380000132e+01
-9.924819061629999339e+01 1.939113900779999966e+01
-9.924809665169999562e+01 1.939133418260000141e+01
-9.924785818860000575e+01 1.939179330110000166e+01
-9.924781261009999866e+01 1.939186218180000054e+01
-9.924772253320000459e+01 1.939195908989999850e+01
-9.924718196690000127e+01 1.939242555250000066e+01
-9.924695413770000130e+01 1.939266069920000035e+01
-9.924691549050000106e+01 1.939282891719999924e+01
-9.924680382869999562e+01 1.939317675419999887e+01
-9.924673613919999582e+01 1.939354343080000120e+01
-9.924675325559999806e+01 1.939370604459999825e+01
-9.924680581699999493e+01 1.939385066939999902e+01
-9.924685829620000277e+01 1.939397694259999838e+01
-9.924693334090000008e+01 1.939407415739999863e+01
-9.924703579180000190e+01 1.939418190689999832e+01
-9.924723099009999316e+01 1.939425164420000058e+01
-9.924764620860000264e+01 1.939430674939999832e+01
-9.924780828650000331e+01 1.939430398080000018e+01
-9.924799076360000072e+01 1.939427230609999953e+01
-9.924820091799999489e+01 1.939414652889999857e+01
-9.924836901369999964e+01 1.939400940290000008e+01
-9.924854309449999334e+01 1.939384375090000034e+01
-9.924873891830000616e+01 1.939367602709999971e+01
-9.924890328620000446e+01 1.939353524439999887e+01
-9.924905941069999926e+01 1.939345517319999956e+01
-9.924925161679999519e+01 1.939342638620000159e+01
-9.924942586900000663e+01 1.939348318029999874e+01
-9.924959178730000531e+01 1.939355123989999896e+01
-9.924986346340000409e+01 1.939363061699999946e+01
-9.924999368310000136e+01 1.939365545440000105e+01
-9.925020727429999567e+01 1.939367885740000119e+01
-9.925062545849999651e+01 1.939369532899999982e+01
-9.925086675949999915e+01 1.939365124589999922e+01
-9.925102849350000156e+01 1.939357890519999827e+01
-9.925127934729999879e+01 1.939348560079999828e+01
-9.925147590379999940e+01 1.939346081820000123e+01
-9.925159305639999729e+01 1.939346065639999850e+01
-9.925189479109999979e+01 1.939346987329999905e+01
-9.925255668050000679e+01 1.939352487529999891e+01
-9.925288466140000310e+01 1.939357221379999885e+01
-9.925296082789999730e+01 1.939363288870000090e+01
-9.925302379030000566e+01 1.939374736819999967e+01
-9.925322496770000669e+01 1.939398977480000141e+01
-9.925345492030000116e+01 1.939420683850000060e+01
-9.925392656469999508e+01 1.939468155389999993e+01
-9.925430134239999802e+01 1.939498798529999846e+01
-9.925444072070000345e+01 1.939507610960000150e+01
-9.925459470330000045e+01 1.939515872870000024e+01
-9.925475424229999533e+01 1.939521675639999998e+01
-9.925484729080000079e+01 1.939519511359999981e+01
-9.925490650099999357e+01 1.939515886530000088e+01
-9.925494664849999538e+01 1.939509049060000123e+01
-9.925492823429999589e+01 1.939496345719999937e+01
-9.925488196550000453e+01 1.939484415369999937e+01
-9.925481775309999932e+01 1.939474192750000014e+01
-9.925440438479999727e+01 1.939428938400000035e+01
-9.925437064060000125e+01 1.939421958100000154e+01
-9.925435775660000104e+01 1.939414651890000130e+01
-9.925437821500000268e+01 1.939406610300000011e+01
-9.925444228000000635e+01 1.939398075709999958e+01
-9.925456533450000052e+01 1.939388071699999827e+01
-9.925483968070000174e+01 1.939370739390000153e+01
-9.925507460590000619e+01 1.939360887810000023e+01
-9.925530143899999302e+01 1.939354576999999935e+01
-9.925547310560000369e+01 1.939352284719999986e+01
-9.925566567190000455e+01 1.939349431140000135e+01
-9.925584930210000323e+01 1.939345095279999853e+01
-9.925596049600000015e+01 1.939340181769999916e+01
-9.925608310219999453e+01 1.939331531150000032e+01
-9.925654769349999640e+01 1.939289826390000115e+01
-9.925667223719999299e+01 1.939286524350000107e+01
-9.925680816749999735e+01 1.939284314569999879e+01
-9.925784502700000189e+01 1.939276046999999892e+01
-9.925837581669999565e+01 1.939270551919999974e+01
-9.925847106919999874e+01 1.939266958649999850e+01
-9.925868726390000063e+01 1.939245628060000115e+01
-9.925879442459999780e+01 1.939242599419999991e+01
-9.925888791049999327e+01 1.939243446869999943e+01
-9.925921586750000358e+01 1.939256720339999873e+01
-9.925925152240000671e+01 1.939259937539999967e+01
-9.925927587649999850e+01 1.939264844119999864e+01
-9.925928411649999816e+01 1.939274202760000065e+01
-9.925938949419999346e+01 1.939317740490000119e+01
-9.925957539389999340e+01 1.939371075409999889e+01
-9.925958505229999673e+01 1.939376384219999849e+01
-9.925962023660000000e+01 1.939395724159999901e+01
-9.925966029580000338e+01 1.939413130020000153e+01
-9.925965475300000662e+01 1.939422843359999860e+01
-9.925964343670000289e+01 1.939427701199999987e+01
-9.925962640459999875e+01 1.939431300849999928e+01
-9.925956576720000157e+01 1.939439223429999970e+01
-9.925948993350000649e+01 1.939446788349999906e+01
-9.925927099609999971e+01 1.939460429809999908e+01
-9.925918463979999729e+01 1.939465112059999896e+01
-9.925900159169999881e+01 1.939475036989999879e+01
-9.925844339450000575e+01 1.939505202570000009e+01
-9.925769385579999948e+01 1.939558125279999956e+01
-9.925635429790000330e+01 1.939651385530000027e+01
-9.925621504990000687e+01 1.939667454290000137e+01
-9.925568355490000272e+01 1.939726270630000116e+01
-9.925540701479999939e+01 1.939818919700000066e+01
-9.925525064449999491e+01 1.939867578490000000e+01
-9.925520685850000291e+01 1.939913989760000135e+01
-9.925524654150000003e+01 1.939951485690000155e+01
-9.925536837520000688e+01 1.940005936349999871e+01
-9.925540498860000582e+01 1.940036307540000138e+01
-9.925535623490000603e+01 1.940068254979999907e+01
-9.925525805120000200e+01 1.940113844089999873e+01
-9.925522789939999768e+01 1.940151303529999893e+01
-9.925536975040000698e+01 1.940187563370000134e+01
-9.925540429379999807e+01 1.940201042669999865e+01
-9.925537092460000110e+01 1.940231112940000102e+01
-9.925537632639999686e+01 1.940257590539999910e+01
-9.925556906869999807e+01 1.940309543389999902e+01
-9.925567185170000073e+01 1.940331172630000012e+01
-9.925580791100000511e+01 1.940357241879999961e+01
-9.925530961200000490e+01 1.940412794310000066e+01
-9.925485740860000305e+01 1.940455427939999922e+01
-9.925434676289999913e+01 1.940486311100000094e+01
-9.925371652079999762e+01 1.940501147370000012e+01
-9.925333660719999784e+01 1.940509451309999989e+01
-9.925283890309999890e+01 1.940573912580000027e+01
-9.925221711940000091e+01 1.940604312150000155e+01
-9.925166858679999393e+01 1.940623269259999972e+01
-9.925094168130000583e+01 1.940641643029999841e+01
-9.925057063520000611e+01 1.940669856870000132e+01
-9.925034336049999695e+01 1.940699107229999854e+01
-9.925007140889999846e+01 1.940723255660000035e+01
-9.924974265570000398e+01 1.940737005629999956e+01
-9.924941361039999776e+01 1.940751975139999885e+01
-9.924918184700000268e+01 1.940772944569999936e+01
-9.924895483020000597e+01 1.940802043549999922e+01
-9.924867945690000681e+01 1.940826683379999906e+01
-9.924851626039999530e+01 1.940847319759999934e+01
-9.924831196569999747e+01 1.940864858380000157e+01
-9.924797078199999589e+01 1.940878043489999882e+01
-9.924753163169999937e+01 1.940881372569999996e+01
-9.924661880150000570e+01 1.940907813930000003e+01
-9.924606202169999847e+01 1.940928418689999901e+01
-9.924502424720000704e+01 1.940966953870000111e+01
-9.924422596460000534e+01 1.940994157560000133e+01
-9.924399138059999359e+01 1.941020490649999886e+01
-9.924370019469999704e+01 1.941052668300000050e+01
-9.924336201639999899e+01 1.941071968729999853e+01
-9.924301479029999484e+01 1.941080375099999955e+01
-9.924268148800000233e+01 1.941105692089999835e+01
-9.924233129450000490e+01 1.941130151429999984e+01
-9.924188075569999512e+01 1.941148058650000152e+01
-9.924083026489999781e+01 1.941191832210000001e+01
-9.924016510139999525e+01 1.941213854889999979e+01
-9.923991184999999859e+01 1.941219367529999928e+01
-9.923962257460000558e+01 1.941220385500000134e+01
-9.923891816699999424e+01 1.941204180660000134e+01
-9.923863805109999703e+01 1.941201164199999951e+01
-9.923840035019999561e+01 1.941200729890000076e+01
-9.923810507769999845e+01 1.941208046270000054e+01
-9.923761381959999994e+01 1.941220218710000012e+01
-9.923730470700000694e+01 1.941235961920000008e+01
-9.923704706990000091e+01 1.941255481720000020e+01
-9.923691489329999627e+01 1.941270658999999910e+01
-9.923674753160000250e+01 1.941307870070000163e+01
-9.923649737220000588e+01 1.941359577360000088e+01
-9.923620294639999884e+01 1.941408511410000060e+01
-9.923593395899999337e+01 1.941449691180000059e+01
-9.923567010930000265e+01 1.941501339230000056e+01
-9.923557409599999346e+01 1.941524170230000124e+01
-9.923544719800000280e+01 1.941543580440000127e+01
-9.923494951160000710e+01 1.941574881900000094e+01
-9.923462716539999917e+01 1.941597092090000132e+01
-9.923450482769999326e+01 1.941639672630000035e+01
-9.923438413780000644e+01 1.941658609070000097e+01
-9.923425258810000571e+01 1.941668845039999880e+01
-9.923406063859999904e+01 1.941676389539999903e+01
-9.923389269679999813e+01 1.941676784110000042e+01
-9.923376276480000513e+01 1.941672334109999909e+01
-9.923361252819999834e+01 1.941658487360000152e+01
-9.923344195030000492e+01 1.941722170899999966e+01
-9.923338443980000534e+01 1.941748261820000110e+01
-9.923337927279999349e+01 1.941756021089999962e+01
-9.923336346310000522e+01 1.941779759739999989e+01
-9.923323464860000342e+01 1.941783890660000012e+01
-9.923319118099999514e+01 1.941804675419999882e+01
-9.923315991130000668e+01 1.941815777960000133e+01
-9.923312176170000498e+01 1.941827191759999849e+01
-9.923306017020000525e+01 1.941838765540000011e+01
-9.923306900080000048e+01 1.941848272240000028e+01
-9.923309094699999378e+01 1.941858599380000072e+01
-9.923305621049999559e+01 1.941866041729999992e+01
-9.923299098760000447e+01 1.941889402420000010e+01
-9.923297075780000398e+01 1.941902297540000077e+01
-9.923298716440000078e+01 1.941926309879999835e+01
-9.923297404679999545e+01 1.941939502469999823e+01
-9.923291059580000706e+01 1.941942990669999958e+01
-9.923263523910000572e+01 1.941937994399999923e+01
-9.923254558889999544e+01 1.941939114479999873e+01
-9.923246640940000418e+01 1.941942051999999919e+01
-9.923241655760000413e+01 1.941947354490000066e+01
-9.923237629419999450e+01 1.941956735879999840e+01
-9.923235665519999316e+01 1.941968479530000025e+01
-9.923235680870000408e+01 1.941979274970000091e+01
-9.923210461680000094e+01 1.941987309829999830e+01
-9.923181712609999749e+01 1.941999046749999991e+01
-9.923167552220000687e+01 1.942016526780000163e+01
-9.923162620550000668e+01 1.942030616599999959e+01
-9.923156973720000451e+01 1.942059964510000114e+01
-9.923155912340000384e+01 1.942073687899999967e+01
-9.923150715740000294e+01 1.942075571339999840e+01
-9.923130681279999976e+01 1.942080994590000032e+01
-9.923121599460000652e+01 1.942085769830000075e+01
-9.923111254110000345e+01 1.942093370539999952e+01
-9.923106065880000415e+01 1.942097949060000062e+01
-9.923102463280000052e+01 1.942106992760000139e+01
-9.923096858430000111e+01 1.942126053260000162e+01
-9.923095802500000673e+01 1.942136680029999951e+01
-9.923092620900000327e+01 1.942154673150000121e+01
-9.923089124739999534e+01 1.942163713460000096e+01
-9.923084346340000650e+01 1.942170689130000127e+01
-9.923077004779999299e+01 1.942173380059999843e+01
-9.923066387999999449e+01 1.942174284269999873e+01
-9.923053303919999735e+01 1.942176072550000043e+01
-9.923038955369999314e+01 1.942179849329999897e+01
-9.923028558519999365e+01 1.942181036099999858e+01
-9.923009822810000458e+01 1.942182570259999963e+01
-9.922976193249999710e+01 1.942199514030000174e+01
-9.922968285759999674e+01 1.942210319420000175e+01
-9.922954187380000235e+01 1.942215972680000036e+01
-9.922938354369999558e+01 1.942220454439999955e+01
-9.922936311830000022e+01 1.942223700590000135e+01
-9.922916946840000207e+01 1.942245929790000147e+01
-9.922896909509999830e+01 1.942262445289999917e+01
-9.922886893970000699e+01 1.942272926469999916e+01
-9.922873884999999916e+01 1.942297678219999923e+01
-9.922865225559999658e+01 1.942319255110000142e+01
-9.922849525510000035e+01 1.942332595759999947e+01
-9.922845679809999808e+01 1.942341910360000057e+01
-9.922830312089999438e+01 1.942351125589999938e+01
-9.922816607820000456e+01 1.942353683230000172e+01
-9.922806910580000306e+01 1.942354329289999981e+01
-9.922793870099999936e+01 1.942356564159999976e+01
-9.922787522669999305e+01 1.942360380159999877e+01
-9.922785185409999542e+01 1.942364503150000132e+01
-9.922785534320000522e+01 1.942367850320000144e+01
-9.922786214479999956e+01 1.942379268770000067e+01
-9.922784905150000156e+01 1.942397350230000086e+01
-9.922783244779999734e+01 1.942406231240000025e+01
-9.922778574059999812e+01 1.942412897550000039e+01
-9.922772899119999579e+01 1.942418297460000076e+01
-9.922763870529999508e+01 1.942422111939999851e+01
-9.922753844250000554e+01 1.942424981750000157e+01
-9.922742141560000562e+01 1.942425313420000066e+01
-9.922718942570000422e+01 1.942425733769999852e+01
-9.922701716740000677e+01 1.942431958679999937e+01
-9.922679647729999886e+01 1.942453911670000011e+01
-9.922669954449999352e+01 1.942466589489999862e+01
-9.922633073650000313e+01 1.942523821329999834e+01
-9.922606989439999836e+01 1.942582842939999921e+01
-9.922587051249999490e+01 1.942622628930000062e+01
-9.922570506270000124e+01 1.942640969420000019e+01
-9.922546286700000451e+01 1.942658732800000010e+01
-9.922515975289999801e+01 1.942671391740000075e+01
-9.922484716169999786e+01 1.942684914299999832e+01
-9.922464028999999641e+01 1.942696574989999903e+01
-9.922446755270000551e+01 1.942708005009999894e+01
-9.922432205469999644e+01 1.942701843620000091e+01
-9.922378425040000138e+01 1.942680962049999849e+01
-9.922324523589999501e+01 1.942656489359999838e+01
-9.922280365070000130e+01 1.942636751719999921e+01
-9.922277193339999712e+01 1.942638602850000140e+01
-9.922266848499999981e+01 1.942658112180000174e+01
-9.922256165880000367e+01 1.942671446159999959e+01
-9.922232828880000000e+01 1.942694561449999924e+01
-9.922227442150000343e+01 1.942702296159999875e+01
-9.922232027859999448e+01 1.942713014030000096e+01
-9.922255202860000622e+01 1.942731708739999874e+01
-9.922270347600000662e+01 1.942766447949999886e+01
-9.922286857410000493e+01 1.942811220580000153e+01
-9.922295588880000139e+01 1.942847348109999928e+01
-9.922300006739999390e+01 1.942861329109999957e+01
-9.922302031339999928e+01 1.942873835929999871e+01
-9.922310649729999454e+01 1.942906607369999961e+01
-9.922315265909999482e+01 1.942918332740000054e+01
-9.922321031910000499e+01 1.942930686640000104e+01
-9.922328580350000493e+01 1.942941389969999832e+01
-9.922337833970000531e+01 1.942950506640000086e+01
-9.922355347600000641e+01 1.942962331900000095e+01
-9.922371349460000545e+01 1.942970596909999870e+01
-9.922429899540000520e+01 1.943000838140000042e+01
-9.922443078390000437e+01 1.943007664790000177e+01
-9.922476831980000611e+01 1.943025148870000152e+01
-9.922517516359999945e+01 1.943046073920000083e+01
-9.922650837979999494e+01 1.943107298809999861e+01
-9.922662190709999663e+01 1.943115410620000105e+01
-9.922673107800000025e+01 1.943124566679999887e+01
-9.922681802210000512e+01 1.943133824399999909e+01
-9.922685988599999973e+01 1.943144424200000131e+01
-9.922687231310000300e+01 1.943158598609999999e+01
-9.922680157439999959e+01 1.943189193830000150e+01
-9.922666456400000357e+01 1.943227113709999898e+01
-9.922641571340000155e+01 1.943276411369999934e+01
-9.922615752999999472e+01 1.943371912639999977e+01
-9.922615201479999314e+01 1.943385947599999852e+01
-9.922617135989999326e+01 1.943396533849999841e+01
-9.922622507170000006e+01 1.943406134720000011e+01
-9.922629560949999927e+01 1.943413083709999967e+01
-9.922639320899999404e+01 1.943420948309999829e+01
-9.922701987840000015e+01 1.943454878340000036e+01
-9.922720943710000086e+01 1.943465969580000063e+01
-9.922733758910000290e+01 1.943478875879999990e+01
-9.922743032329999835e+01 1.943494472000000073e+01
-9.922749314700000411e+01 1.943509046539999829e+01
-9.922750324010000611e+01 1.943523049799999924e+01
-9.922728397189999328e+01 1.943586741020000019e+01
-9.922716393150000158e+01 1.943621290440000138e+01
-9.922711346910000429e+01 1.943682213660000002e+01
-9.922773855929999343e+01 1.943742213679999864e+01
-9.922813125279999724e+01 1.943779906600000018e+01
-9.922815235999999572e+01 1.943801648069999999e+01
-9.922810971079999831e+01 1.943820981620000055e+01
-9.922806209700000579e+01 1.943832219180000109e+01
-9.922796267280000393e+01 1.943844358349999979e+01
-9.922785140009999338e+01 1.943855867559999950e+01
-9.922358426489999772e+01 1.944156370500000008e+01
-9.922196499989999552e+01 1.944268653540000003e+01
-9.922093820819999621e+01 1.944343397649999972e+01
-9.922058281169999816e+01 1.944367532389999909e+01
-9.922013583320000407e+01 1.944381080890000035e+01
-9.921973749139999654e+01 1.944384726319999857e+01
-9.921950575430000185e+01 1.944386847040000177e+01
-9.921868929939999759e+01 1.944397305280000054e+01
-9.921817968189999704e+01 1.944405750370000163e+01
-9.921813294870000277e+01 1.944411183360000095e+01
-9.921815378389999296e+01 1.944415622800000065e+01
-9.921821633730000656e+01 1.944423503799999864e+01
-9.921830484049999654e+01 1.944429905979999873e+01
-9.921922578320000241e+01 1.944477412830000063e+01
-9.921940948830000195e+01 1.944490570019999964e+01
-9.921953616199999715e+01 1.944501719479999835e+01
-9.921963775410000608e+01 1.944511994530000010e+01
-9.921976092939999603e+01 1.944524978549999972e+01
-9.921985318219999783e+01 1.944536145320000031e+01
-9.921997655330000043e+01 1.944555685099999920e+01
-9.922006028399999877e+01 1.944575917519999919e+01
-9.922011287559999460e+01 1.944597102270000022e+01
-9.922014871730000607e+01 1.944611635389999904e+01
-9.922014740500000585e+01 1.944627177110000105e+01
-9.922014597279999748e+01 1.944644129010000100e+01
-9.922013606020000509e+01 1.944727733279999882e+01
-9.922012764289999609e+01 1.944798728390000164e+01
-9.922011565660000088e+01 1.944899822940000078e+01
-9.921995473799999843e+01 1.945154933890000137e+01
-9.921995920150000359e+01 1.945187864249999876e+01
-9.921996294119999504e+01 1.945215450059999895e+01
-9.921997277680000593e+01 1.945288013509999914e+01
-9.921977171659999328e+01 1.945288390649999855e+01
-9.921919566939999413e+01 1.945294149060000066e+01
-9.921901431710000452e+01 1.945297183179999934e+01
-9.921885167029999764e+01 1.945299904339999841e+01
-9.921852259759999981e+01 1.945305409710000077e+01
-9.921819993729999965e+01 1.945321750300000119e+01
-9.921813640070000417e+01 1.945324968030000079e+01
-9.921808854690000601e+01 1.945327391509999870e+01
-9.921791511380000372e+01 1.945336174690000064e+01
-9.921736481269999786e+01 1.945367110589999982e+01
-9.921697840349999353e+01 1.945406722039999892e+01
-9.921695445999999663e+01 1.945409176549999941e+01
-9.921676650439999889e+01 1.945428444110000044e+01
-9.921642121029999828e+01 1.945471429279999853e+01
-9.921627392009999369e+01 1.945489765150000139e+01
-9.921607703550000679e+01 1.945515768879999996e+01
-9.921597472870000445e+01 1.945529281099999963e+01
-9.921572833730000696e+01 1.945561823330000095e+01
-9.921528512870000327e+01 1.945622385609999938e+01
-9.921525258890000032e+01 1.945631089309999950e+01
-9.921522083639999323e+01 1.945639582589999961e+01
-9.921520200179999449e+01 1.945644620559999893e+01
-9.921516586580000308e+01 1.945654286099999908e+01
-9.921485613279999427e+01 1.945737133129999918e+01
-9.921424792780000246e+01 1.945855881510000174e+01
-9.921422355549999850e+01 1.945867378060000163e+01
-9.921404455930000665e+01 1.945951811209999960e+01
-9.921393934910000212e+01 1.946040584480000035e+01
-9.921263148389999742e+01 1.946245134759999829e+01
-9.921296389290000661e+01 1.946262162420000053e+01
-9.921354443910000498e+01 1.946291900610000170e+01
-9.921239306559999704e+01 1.946637874079999975e+01
-9.921214839850000544e+01 1.946711391470000052e+01
-9.921194187849999935e+01 1.946707918539999937e+01
-9.921178527290000204e+01 1.946708191420000134e+01
-9.921172881859999393e+01 1.946713785589999901e+01
-9.921163920850000295e+01 1.946740618340000140e+01
-9.921153665420000323e+01 1.946799334479999999e+01
-9.921143471800000668e+01 1.946800088029999998e+01
-9.921137153870000702e+01 1.946803641589999856e+01
-9.921096067909999761e+01 1.946826750700000019e+01
-9.921072340060000272e+01 1.946848083400000107e+01
-9.921056464020000476e+01 1.946865829500000089e+01
-9.921045058549999851e+01 1.946878578260000126e+01
-9.920991205149999814e+01 1.946938162089999835e+01
-9.920890123399999538e+01 1.947005655630000120e+01
-9.920886264930000209e+01 1.947008231919999943e+01
-9.920870543969999744e+01 1.947003445929999899e+01
-9.920869261629999869e+01 1.947003055509999925e+01
-9.920821151299999485e+01 1.946988408909999890e+01
-9.920768566540000677e+01 1.946972399850000102e+01
-9.920717365640000196e+01 1.946956811920000163e+01
-9.920682497660000365e+01 1.947121507059999956e+01
-9.920649633509999887e+01 1.947135650630000114e+01
-9.920528542290000473e+01 1.947202435129999998e+01
-9.920496719599999835e+01 1.947219226229999833e+01
-9.920433966090000411e+01 1.947240271740000139e+01
-9.920344417539999426e+01 1.947269164189999913e+01
-9.920232688379999786e+01 1.947301464090000067e+01
-9.920144703469999570e+01 1.947323661149999907e+01
-9.920101501749999784e+01 1.947335960639999897e+01
-9.920067567770000494e+01 1.947334528229999862e+01
-9.920009386169999743e+01 1.947318238849999972e+01
-9.919976484859999744e+01 1.947308280029999850e+01
-9.919908872249999376e+01 1.947287590059999829e+01
-9.919836886119999519e+01 1.947264224230000096e+01
-9.919795100410000543e+01 1.947251172909999895e+01
-9.919746031770000627e+01 1.947236423529999882e+01
-9.919708321710000121e+01 1.947225180939999944e+01
-9.919665837590000024e+01 1.947212626350000164e+01
-9.919613248509999437e+01 1.947197254470000161e+01
-9.919562488760000463e+01 1.947182871600000098e+01
-9.919514740479999659e+01 1.947168604319999829e+01
-9.919461581609999712e+01 1.947153829519999846e+01
-9.919413371870000162e+01 1.947140431940000127e+01
-9.919334566300000233e+01 1.947122002600000101e+01
-9.919141051889999972e+01 1.947076753940000060e+01
-9.919095586109999374e+01 1.947062946959999863e+01
-9.919044419899999809e+01 1.947045898200000025e+01
-9.919057941600000561e+01 1.946793632849999867e+01
-9.919066066080000610e+01 1.946594600270000086e+01
-9.919067079789999752e+01 1.946571966560000178e+01
-9.919073111449999658e+01 1.946467144040000008e+01
-9.919001411630000575e+01 1.946443019350000014e+01
-9.918914193329999307e+01 1.946415145960000004e+01
-9.918800022809999462e+01 1.946381462449999944e+01
-9.918802625729999534e+01 1.946365940449999954e+01
-9.918824430700000505e+01 1.946234648909999976e+01
-9.918848324270000205e+01 1.946077725529999825e+01
-9.918728360929999610e+01 1.946047793749999855e+01
-9.918538772729999664e+01 1.946001405659999861e+01
-9.918527277280000476e+01 1.946002041670000082e+01
-9.918418895359999965e+01 1.945985230510000008e+01
-9.918409813690000476e+01 1.945983850660000058e+01
-9.918311463220000235e+01 1.945964661160000020e+01
-9.918201214779999475e+01 1.945947469209999880e+01
-9.918108202109999638e+01 1.945930133219999902e+01
-9.917991553810000482e+01 1.945912592490000037e+01
-9.917878328390000320e+01 1.945892872039999943e+01
-9.917798440120000691e+01 1.945875563279999909e+01
-9.917745516399999417e+01 1.945866105110000177e+01
-9.917689161430000411e+01 1.945856958670000125e+01
-9.917576587809999467e+01 1.945838694349999898e+01
-9.917502384879999511e+01 1.945826673490000047e+01
-9.917460371270000508e+01 1.945819867220000177e+01
-9.917376099999999894e+01 1.945806285480000142e+01
-9.917111379749999855e+01 1.945763227440000165e+01
-9.916830609589999312e+01 1.945717669669999950e+01
-9.916744473570000196e+01 1.945703161109999968e+01
-9.916560594759999958e+01 1.945673745470000071e+01
-9.916506018249999954e+01 1.945665865479999823e+01
-9.916419054249999476e+01 1.945651124400000143e+01
-9.916371277380000038e+01 1.945643477579999825e+01
