-9.899717700329999559e+01 1.922747257150000166e+01
-9.899723374440000612e+01 1.922731069889999844e+01
-9.899744704110000271e+01 1.922718446360000044e+01
-9.899746359629999404e+01 1.922648845819999863e+01
-9.899706317509999565e+01 1.922642352640000141e+01
-9.899668106839999382e+01 1.922632638480000011e+01
-9.899642860580000558e+01 1.922619039050000112e+01
-9.899638269919999800e+01 1.922612889419999860e+01
-9.899626944070000434e+01 1.922597717260000039e+01
-9.899618060189999369e+01 1.922588877649999972e+01
-9.899636199980000129e+01 1.922526077439999881e+01
-9.899637625169999922e+01 1.922521143579999858e+01
-9.899611645909999424e+01 1.922513468500000045e+01
-9.899579087319999360e+01 1.922503849630000161e+01
-9.899544219240000587e+01 1.922624236389999908e+01
-9.899542281899999807e+01 1.922643462079999921e+01
-9.899526391160000571e+01 1.922751491480000041e+01
-9.899439443430000551e+01 1.922744792070000130e+01
-9.899420421230000500e+01 1.922742602699999992e+01
-9.899372541549999482e+01 1.922747045679999900e+01
-9.899366731300000311e+01 1.922727822070000059e+01
-9.899361065860000508e+01 1.922709077729999905e+01
-9.899356207430000154e+01 1.922693003650000065e+01
-9.899354202119999968e+01 1.922679702030000115e+01
-9.899349723139999924e+01 1.922649993679999980e+01
-9.899345910850000507e+01 1.922624707279999967e+01
-9.899339530780000018e+01 1.922582388609999882e+01
-9.899326278229999332e+01 1.922494485180000012e+01
-9.899290664769999637e+01 1.922491847499999906e+01
-9.899255074559999912e+01 1.922489211459999936e+01
-9.899249385410000457e+01 1.922488788449999930e+01
-9.899186799730000530e+01 1.922484134569999981e+01
-9.899123727129999395e+01 1.922478977489999963e+01
-9.899107358370000043e+01 1.922559467869999850e+01
-9.899055868470000519e+01 1.922577834930000051e+01
-9.898823391439999853e+01 1.922370476640000092e+01
-9.898571902899999486e+01 1.922143465390000117e+01
-9.898437096829999859e+01 1.922030084780000081e+01
-9.898431784790000165e+01 1.922025616959999894e+01
-9.898239262309999731e+01 1.921863713340000146e+01
-9.897815003520000232e+01 1.921506830839999935e+01
-9.897789667610000208e+01 1.921508232720000109e+01
-9.897501031490000400e+01 1.921459119369999868e+01
-9.897495758770000407e+01 1.921458535080000019e+01
-9.897450209529999654e+01 1.921448320640000063e+01
-9.897434953309999628e+01 1.921444313459999975e+01
-9.897371660490000522e+01 1.921412780280000021e+01
-9.897362140529999408e+01 1.921408292699999976e+01
-9.897333227129999500e+01 1.921382248950000005e+01
-9.897321268139999972e+01 1.921366450880000087e+01
-9.897317681619999519e+01 1.921361551789999922e+01
-9.897305902870000693e+01 1.921345446580000171e+01
-9.897282771410000635e+01 1.921317053690000165e+01
-9.897242857460000209e+01 1.921269541350000054e+01
-9.897222425660000056e+01 1.921251090790000049e+01
-9.897197039830000165e+01 1.921232647469999932e+01
-9.897170614210000394e+01 1.921213022770000123e+01
-9.897149778579999690e+01 1.921197155679999824e+01
-9.897129551979999462e+01 1.921186463880000161e+01
-9.897101601250000158e+01 1.921171607550000004e+01
-9.896997776489999410e+01 1.921127537980000000e+01
-9.896993068029999563e+01 1.921125521420000126e+01
-9.896976106140000695e+01 1.921118256780000166e+01
-9.896947313959999804e+01 1.921097417660000062e+01
-9.896924021229999369e+01 1.921085082999999827e+01
-9.896892605230000584e+01 1.921071244799999889e+01
-9.896857758650000392e+01 1.921058905710000175e+01
-9.896852792720000025e+01 1.921057108169999950e+01
-9.896837656099999947e+01 1.921048884989999905e+01
-9.896765734349999377e+01 1.920979604769999938e+01
-9.896683776419999390e+01 1.920900655819999869e+01
-9.896682651369999917e+01 1.920896133749999990e+01
-9.896686347680000040e+01 1.920874267470000163e+01
-9.896700602180000317e+01 1.920789942189999877e+01
-9.896705180249999501e+01 1.920762859810000123e+01
-9.896742396610000014e+01 1.920732719789999976e+01
-9.896718136110000330e+01 1.920704224969999885e+01
-9.896716850599999304e+01 1.920661760730000012e+01
-9.896722874210000498e+01 1.920625109430000066e+01
-9.896740454269999532e+01 1.920617242630000021e+01
-9.896750941329999307e+01 1.920612549810000047e+01
-9.896797916430000441e+01 1.920571998060000141e+01
-9.896857198029999836e+01 1.920520821910000109e+01
-9.896967857340000307e+01 1.920425291349999952e+01
-9.896770189149999908e+01 1.920312884109999985e+01
-9.896768027420000635e+01 1.920302591500000133e+01
-9.896760966889999622e+01 1.920268973949999847e+01
-9.896702583219999383e+01 1.919990985389999949e+01
-9.896697869989999674e+01 1.919792165189999977e+01
-9.896769389230000513e+01 1.918974307890000119e+01
-9.896641033919999586e+01 1.918703166270000082e+01
-9.895984905759999606e+01 1.917916787680000112e+01
-9.895652174600000706e+01 1.917663521689999939e+01
-9.895617468289999863e+01 1.917676306290000099e+01
-9.895491573169999810e+01 1.917406339720000119e+01
-9.895238564839999640e+01 1.916863761609999983e+01
-9.896561217350000561e+01 1.916493046649999954e+01
-9.896736639809999758e+01 1.916443868920000071e+01
-9.896525026339999442e+01 1.916196169479999867e+01
-9.896461603580000599e+01 1.916121929290000026e+01
-9.896373816870000439e+01 1.916019167749999852e+01
-9.896312268600000550e+01 1.915947119249999986e+01
-9.896269744069999774e+01 1.915897339549999856e+01
-9.896201926850000063e+01 1.915817950890000176e+01
-9.896108435429999872e+01 1.915708505390000127e+01
-9.896057061439999814e+01 1.915648363680000088e+01
-9.896001745099999880e+01 1.915583605999999861e+01
-9.895986052240000674e+01 1.915565234529999827e+01
-9.895946832389999770e+01 1.915519320119999946e+01
-9.895848442700000192e+01 1.915404134170000106e+01
-9.895831853480000007e+01 1.915384712750000062e+01
-9.895462630679999450e+01 1.914952436049999918e+01
-9.895948189710000520e+01 1.914729841750000006e+01
-9.895989550490000397e+01 1.914710879760000140e+01
-9.896260419409999542e+01 1.914586694939999845e+01
-9.896303703840000310e+01 1.914564260370000071e+01
-9.896645593969999766e+01 1.914387050430000059e+01
-9.896595606239999654e+01 1.914258449600000134e+01
-9.896566316370000038e+01 1.914183096149999841e+01
-9.896549366989999896e+01 1.914139490359999840e+01
-9.896511271900000395e+01 1.914041481759999996e+01
-9.896508906130000582e+01 1.914038599959999942e+01
-9.896464528730000154e+01 1.913984541510000170e+01
-9.896460555119999469e+01 1.913979700950000051e+01
-9.896388871829999800e+01 1.913821747709999954e+01
-9.896376030790000300e+01 1.913793452239999837e+01
-9.896348755930000607e+01 1.913748807090000170e+01
-9.896317542059999539e+01 1.913697714130000094e+01
-9.896289770619999615e+01 1.913652255470000085e+01
-9.896262621750000221e+01 1.913607815590000172e+01
-9.896247710379999774e+01 1.913583407020000138e+01
-9.896237702269999659e+01 1.913567024700000019e+01
-9.896227267800000504e+01 1.913545580670000135e+01
-9.896194547199999647e+01 1.913478335840000000e+01
-9.896181717189999461e+01 1.913451968460000074e+01
-9.896171540459999960e+01 1.913431053860000119e+01
-9.896162556119999465e+01 1.913412589709999878e+01
-9.896147839590000217e+01 1.913382344960000125e+01
-9.896109188760000563e+01 1.913302910899999887e+01
-9.896085396600000195e+01 1.913230523689999885e+01
-9.896050980830000299e+01 1.913125812810000070e+01
-9.896043245399999932e+01 1.913102277429999987e+01
-9.895954221179999877e+01 1.912831411350000010e+01
-9.895872948970000493e+01 1.912584122630000039e+01
-9.895852896540000643e+01 1.912527380090000051e+01
-9.895779738029999351e+01 1.912320358639999895e+01
-9.895750747760000365e+01 1.912238321359999915e+01
-9.895765603680000311e+01 1.911963100870000076e+01
-9.895800284450000106e+01 1.911791535029999878e+01
-9.895807043729999464e+01 1.911758096370000004e+01
-9.895850024269999778e+01 1.911489794539999920e+01
-9.895856270049999637e+01 1.911450805100000139e+01
-9.895870199360000186e+01 1.911363850109999873e+01
-9.895869201669999882e+01 1.911270523909999852e+01
-9.895869054860000347e+01 1.911256794040000173e+01
-9.895840975560000174e+01 1.911130939330000089e+01
-9.895860638210000104e+01 1.911041388010000119e+01
-9.895867648179999776e+01 1.911009461429999945e+01
-9.895895666459999518e+01 1.910904271920000141e+01
-9.895906350740000335e+01 1.910427795920000094e+01
-9.896123979179999708e+01 1.909558318390000053e+01
-9.896326577089999432e+01 1.909206279180000010e+01
-9.896572148360000654e+01 1.908586117009999938e+01
-9.896828358800000558e+01 1.908314087069999943e+01
-9.897137233109999954e+01 1.908121839040000012e+01
-9.897369660930000634e+01 1.907955317400000084e+01
-9.897899540509999383e+01 1.907445595349999934e+01
-9.898236137089999431e+01 1.907760840819999970e+01
-9.898359448559999407e+01 1.907876325100000159e+01
-9.902899368180000295e+01 1.908536879240000061e+01
-9.903019490469999653e+01 1.908455653880000114e+01
-9.904320886419999681e+01 1.907575546110000175e+01
-9.904872866319999503e+01 1.906660153720000039e+01
-9.905665036489999409e+01 1.905346202529999999e+01
-9.905980023300000425e+01 1.904823666380000091e+01
-9.906208574919999421e+01 1.904871871739999989e+01
-9.910445385459999557e+01 1.905764802570000072e+01
-9.910512856820000138e+01 1.905779011999999994e+01
-9.912543312130000572e+01 1.906206471839999850e+01
-9.913521261229999482e+01 1.908884055240000066e+01
-9.913537901620000525e+01 1.908929607090000147e+01
-9.913648147620000373e+01 1.908937799170000105e+01
-9.914681086769999752e+01 1.910058309300000090e+01
-9.915474754059999896e+01 1.910883656009999854e+01
-9.916329284360000429e+01 1.911749056929999924e+01
-9.915500932380000165e+01 1.913530970440000090e+01
-9.915400427459999833e+01 1.913812156259999853e+01
-9.915249958399999741e+01 1.914211807039999869e+01
-9.915195691419999946e+01 1.915076742429999967e+01
-9.915180576340000584e+01 1.915141075469999876e+01
-9.914972375240000702e+01 1.915984408790000160e+01
-9.914960840860000246e+01 1.916031287450000065e+01
-9.914870415160000050e+01 1.916027302599999871e+01
-9.914820007129999624e+01 1.916023502450000038e+01
-9.914757858350000674e+01 1.916014063080000085e+01
-9.914720816470000386e+01 1.916004151539999967e+01
-9.914680389080000111e+01 1.915994468590000110e+01
-9.914650980979999417e+01 1.915981161670000077e+01
-9.914607686329999581e+01 1.915955213359999831e+01
-9.914545782800000495e+01 1.915921371840000020e+01
-9.914492217919999462e+01 1.915892833899999914e+01
-9.914480454869999448e+01 1.915886403100000024e+01
-9.914449415160000001e+01 1.915866545049999914e+01
-9.914423001149999948e+01 1.915839905130000176e+01
-9.914396081779999292e+01 1.915811684040000173e+01
-9.914367707510000116e+01 1.915783463989999902e+01
-9.914344581730000527e+01 1.915753884209999924e+01
-9.914323824320000256e+01 1.915714329620000100e+01
-9.914305619600000341e+01 1.915681850600000047e+01
-9.914293831669999690e+01 1.915651397350000096e+01
-9.914274956059999511e+01 1.915608035989999891e+01
-9.914251922799999761e+01 1.915555759940000158e+01
-9.914228364000000226e+01 1.915513638570000055e+01
-9.914203408219999858e+01 1.915474332610000019e+01
-9.914182252950000418e+01 1.915448005929999908e+01
-9.914152398090000418e+01 1.915405972139999946e+01
-9.914113295079999943e+01 1.915351455569999928e+01
-9.914084909480000363e+01 1.915291839620000047e+01
-9.914069557550000411e+01 1.915249668699999930e+01
-9.914040432609999698e+01 1.915221326800000057e+01
-9.914002020830000106e+01 1.915195856189999901e+01
-9.913977425230000051e+01 1.915180737049999848e+01
-9.913942615290000049e+01 1.915164721900000089e+01
-9.913894864739999946e+01 1.915144344839999846e+01
-9.913853225639999778e+01 1.915133836020000047e+01
-9.913777332889999627e+01 1.915099561590000121e+01
-9.913721135980000554e+01 1.915075038830000054e+01
-9.913240605149999851e+01 1.914861128560000125e+01
-9.913123153540000487e+01 1.915075037869999974e+01
-9.913024431549999349e+01 1.915254416810000038e+01
-9.911913013470000067e+01 1.917287294719999835e+01
-9.911865413719999651e+01 1.917374266059999854e+01
-9.911341835240000364e+01 1.918330228900000023e+01
-9.911266061679999950e+01 1.918469265650000111e+01
-9.911233063289999734e+01 1.918529547380000011e+01
-9.911166244970000605e+01 1.918651329829999952e+01
-9.911148409759999822e+01 1.918683414150000033e+01
-9.911027634680000631e+01 1.918904448480000013e+01
-9.910573639400000445e+01 1.919734071070000070e+01
-9.910527768420000427e+01 1.919805800889999858e+01
-9.910518183150000482e+01 1.919827307039999909e+01
-9.910469783489999429e+01 1.919820551729999991e+01
-9.910465836189999322e+01 1.919827928619999824e+01
-9.910463722619999771e+01 1.919833679999999987e+01
-9.910463148019999835e+01 1.919838201720000015e+01
-9.910460886730000141e+01 1.919842580830000145e+01
-9.910472546009999917e+01 1.919849334839999955e+01
-9.910477892010000289e+01 1.919856092310000051e+01
-9.910482430490000638e+01 1.919865616019999877e+01
-9.910485096269999872e+01 1.919876629150000014e+01
-9.910484422819999395e+01 1.919886610680000061e+01
-9.910479969479999340e+01 1.919896422229999899e+01
-9.910472557469999799e+01 1.919904636989999958e+01
-9.910419635440000263e+01 1.919936718780000007e+01
-9.910412334010000279e+01 1.919941065509999945e+01
-9.910408061949999592e+01 1.919943637800000147e+01
-9.910326792620000447e+01 1.919992619849999826e+01
-9.910311388040000224e+01 1.920001829810000160e+01
-9.910262924910000493e+01 1.920031111400000157e+01
-9.910239985139999419e+01 1.920046476010000092e+01
-9.910227310850000038e+01 1.920062822690000104e+01
-9.910224694330000261e+01 1.920066197230000071e+01
-9.910217034199999375e+01 1.920082797339999914e+01
-9.910211758050000697e+01 1.920105179089999936e+01
-9.910208645529999671e+01 1.920157231589999824e+01
-9.910207006500000659e+01 1.920184640289999933e+01
-9.910202243220000184e+01 1.920228052050000045e+01
-9.910196359740000105e+01 1.920264608689999974e+01
-9.910193319280000424e+01 1.920343424880000072e+01
-9.910189971699999489e+01 1.920382341730000064e+01
-9.910187084979999383e+01 1.920420083979999859e+01
-9.910185430689999464e+01 1.920443042599999828e+01
-9.910181474959999548e+01 1.920462163599999883e+01
-9.910178042299999390e+01 1.920471918999999872e+01
-9.910174594759999422e+01 1.920480889910000144e+01
-9.910169309740000188e+01 1.920489177869999864e+01
-9.910159001639999587e+01 1.920501485770000016e+01
-9.910100228129999778e+01 1.920570079350000015e+01
-9.910098441110000067e+01 1.920572164880000088e+01
-9.910088612289999332e+01 1.920582464030000125e+01
-9.910080200790000049e+01 1.920589498409999862e+01
-9.910069888610000532e+01 1.920595529619999908e+01
-9.910060633540000197e+01 1.920599802830000158e+01
-9.910037512399999571e+01 1.920607247779999938e+01
-9.910025612210000645e+01 1.920611522420000128e+01
-9.910018209349999552e+01 1.920617049879999882e+01
-9.910012394630000188e+01 1.920624584919999833e+01
-9.910008431580000376e+01 1.920632118929999876e+01
-9.910005792239999778e+01 1.920641409750000150e+01
-9.910004476049999766e+01 1.920651955199999961e+01
-9.910002610239999399e+01 1.920699335930000018e+01
-9.910001297019999811e+01 1.920714400549999823e+01
-9.909997601169999371e+01 1.920726704690000020e+01
-9.909992053589999728e+01 1.920738563029999924e+01
-9.909983066949999397e+01 1.920749559500000103e+01
-9.909936913510000522e+01 1.920799083960000075e+01
-9.909930586180000489e+01 1.920806941800000089e+01
-9.909926941969999348e+01 1.920810514820000137e+01
-9.909921249820000355e+01 1.920814728230000057e+01
-9.909916320809999490e+01 1.920816431480000119e+01
-9.909910995020000257e+01 1.920818281569999897e+01
-9.909903737909999677e+01 1.920819656870000003e+01
-9.909894507990000534e+01 1.920820939249999881e+01
-9.909889554369999587e+01 1.920821138120000171e+01
-9.909881945550000637e+01 1.920821501669999876e+01
-9.909848845019999430e+01 1.920821520089999979e+01
-9.909841049850000161e+01 1.920822094289999882e+01
-9.909835061210000617e+01 1.920822666709999993e+01
-9.909826903530000664e+01 1.920823819820000011e+01
-9.909813738389999571e+01 1.920827238329999886e+01
-9.909794431160000272e+01 1.920832997329999969e+01
-9.909713866410000094e+01 1.920859272470000079e+01
-9.909699592319999795e+01 1.920863075780000173e+01
-9.909687310420000017e+01 1.920865386410000042e+01
-9.909677735159999656e+01 1.920866443510000110e+01
-9.909667973790000417e+01 1.920866482890000171e+01
-9.909655073689999938e+01 1.920865207490000159e+01
-9.909643277070000522e+01 1.920862669110000098e+01
-9.909627318440000465e+01 1.920859877339999855e+01
-9.909612293979999720e+01 1.920857301119999860e+01
-9.909597409239999877e+01 1.920855413749999840e+01
-9.909585611369999469e+01 1.920855592190000038e+01
-9.909577444990000572e+01 1.920857836140000074e+01
-9.909568703099999709e+01 1.920862794330000156e+01
-9.909561152160000574e+01 1.920871789930000162e+01
-9.909555505630000027e+01 1.920880316010000044e+01
-9.909525314619999392e+01 1.920925903650000066e+01
-9.909515959159999454e+01 1.920943864439999871e+01
-9.909509892840000589e+01 1.920959001670000177e+01
-9.909507623419999334e+01 1.920974136959999967e+01
-9.909506453839999551e+01 1.921007899019999954e+01
-9.909499599789999991e+01 1.921107428279999851e+01
-9.909497579070000484e+01 1.921115116449999860e+01
-9.909494545559999779e+01 1.921122084559999976e+01
-9.909489992759999666e+01 1.921128332709999853e+01
-9.909483415900000125e+01 1.921136079969999955e+01
-9.909474307130000170e+01 1.921143291270000120e+01
-9.909465450929999975e+01 1.921149301579999857e+01
-9.909456087700000637e+01 1.921153870530000063e+01
-9.909448494619999792e+01 1.921155315889999926e+01
-9.909439634989999490e+01 1.921155320469999950e+01
-9.909429508099999850e+01 1.921152442980000075e+01
-9.909420431739999913e+01 1.921147402949999972e+01
-9.909400931189999540e+01 1.921130837500000155e+01
-9.909368524559999969e+01 1.921107891509999988e+01
-9.909354215070000294e+01 1.921100870089999901e+01
-9.909338892549999400e+01 1.921096448830000014e+01
-9.909318091839999454e+01 1.921092993190000087e+01
-9.909292935339999531e+01 1.921091877370000134e+01
-9.909239172149999320e+01 1.921089250900000067e+01
-9.909171704560000649e+01 1.921092009810000079e+01
-9.909096537039999930e+01 1.921101938600000025e+01
-9.909087288169999397e+01 1.921104823150000129e+01
-9.909069479650000289e+01 1.921109564209999832e+01
-9.908903255079999894e+01 1.921143659110000002e+01
-9.908850425849999510e+01 1.921154494620000008e+01
-9.908822805009999968e+01 1.921160159749999963e+01
-9.908631318679999822e+01 1.921199432559999920e+01
-9.908440964320000433e+01 1.921238470640000173e+01
-9.908377009000000157e+01 1.921251586099999997e+01
-9.908305106340000634e+01 1.921266330950000167e+01
-9.908250903830000311e+01 1.921277698020000102e+01
-9.908196607680000056e+01 1.921289091639999924e+01
-9.908135180610000248e+01 1.921301981279999893e+01
-9.908089569729999369e+01 1.921311551930000050e+01
-9.908035563660000378e+01 1.921322764230000146e+01
-9.908005874149999670e+01 1.921328928009999970e+01
-9.907937192289999473e+01 1.921343186769999889e+01
-9.907883446440000341e+01 1.921354344499999911e+01
-9.907870405090000077e+01 1.921357051829999918e+01
-9.907853376580000315e+01 1.921360586959999850e+01
-9.907812795639999592e+01 1.921369011330000021e+01
-9.907781997680000075e+01 1.921375404810000020e+01
-9.907772102670000436e+01 1.921377458890000156e+01
-9.907675355659999639e+01 1.921397542380000090e+01
-9.907579023360000292e+01 1.921417539080000125e+01
-9.907358663509999985e+01 1.921463279039999961e+01
-9.907230719060000013e+01 1.921489834790000018e+01
-9.907106430199999636e+01 1.921515630620000081e+01
-9.906907148599999857e+01 1.921556988720000092e+01
-9.906777179339999861e+01 1.921583960519999934e+01
-9.906732545980000282e+01 1.921593222699999970e+01
-9.906630867009999974e+01 1.921614322399999963e+01
-9.906580381519999889e+01 1.921624798479999896e+01
-9.906433019790000571e+01 1.921655376069999832e+01
-9.906320780459999753e+01 1.921678664639999923e+01
-9.906054340689999549e+01 1.921733843550000032e+01
-9.906015720300000282e+01 1.921741841289999897e+01
-9.905918937980000294e+01 1.921761883130000115e+01
-9.905816331040000478e+01 1.921783130400000061e+01
-9.905671625930000346e+01 1.921813093820000162e+01
-9.905635317799999484e+01 1.921820611760000119e+01
-9.905598373910000021e+01 1.921828261179999942e+01
-9.905383919829999684e+01 1.921872764520000132e+01
-9.905309760709999978e+01 1.921888153160000101e+01
-9.905235469010000315e+01 1.921903569119999844e+01
-9.904914367320000679e+01 1.921970193550000161e+01
-9.904826554289999763e+01 1.921988412299999993e+01
-9.904786719960000596e+01 1.921996676670000070e+01
-9.904664400810000302e+01 1.922022053210000081e+01
-9.904543820840000024e+01 1.922047071069999902e+01
-9.904302260369999544e+01 1.922097186519999923e+01
-9.904278535970000519e+01 1.922102108309999835e+01
-9.904246805690000599e+01 1.922108690880000026e+01
-9.904216882270000610e+01 1.922114902450000073e+01
-9.904178646159999744e+01 1.922122839509999892e+01
-9.904112473889999535e+01 1.922136575240000056e+01
-9.904010530940000478e+01 1.922157735400000078e+01
-9.903804014579999659e+01 1.922200599580000002e+01
-9.903759659950000582e+01 1.922209805310000164e+01
-9.903693965770000318e+01 1.922223439820000124e+01
-9.903673163269999691e+01 1.922227757190000119e+01
-9.903641891399999508e+01 1.922234239699999847e+01
-9.903628364349999913e+01 1.922237043790000044e+01
-9.903578640800000699e+01 1.922247351000000037e+01
-9.903520876659999317e+01 1.922259324799999902e+01
-9.903406104290000656e+01 1.922283114900000101e+01
-9.903287417960000028e+01 1.922307715259999839e+01
-9.903019303870000556e+01 1.922363284129999883e+01
-9.902627388759999860e+01 1.922398076360000019e+01
-9.902532772639999337e+01 1.922406464310000018e+01
-9.902501800749999461e+01 1.922409209939999997e+01
-9.902300388700000155e+01 1.922427063170000139e+01
-9.902271196450000446e+01 1.922429650540000168e+01
-9.902173832569999945e+01 1.922438285109999967e+01
-9.902119049789999394e+01 1.922443143159999934e+01
-9.901998742589999836e+01 1.922453811169999938e+01
-9.901962418210000294e+01 1.922457031949999973e+01
-9.901820380920000275e+01 1.922469625280000116e+01
-9.901778960430000609e+01 1.922473297430000017e+01
-9.901748332130000563e+01 1.922476025210000117e+01
-9.901616274079999869e+01 1.922487785479999900e+01
-9.901588017209999748e+01 1.922490301690000081e+01
-9.901521133120000684e+01 1.922496257410000098e+01
-9.901510929449999310e+01 1.922497165949999953e+01
-9.901315773129999798e+01 1.922514541820000034e+01
-9.901267354440000190e+01 1.922518852449999827e+01
-9.901249421180000354e+01 1.922520448979999941e+01
-9.901206013809999718e+01 1.922524313270000107e+01
-9.901160439609999742e+01 1.922528370279999876e+01
-9.901044629060000091e+01 1.922538679159999830e+01
-9.900889496450000138e+01 1.922552486820000084e+01
-9.900852974699999720e+01 1.922555808490000118e+01
-9.900755936359999509e+01 1.922564633669999878e+01
-9.900715196929999706e+01 1.922568338530000176e+01
-9.900580006040000569e+01 1.922580632060000028e+01
-9.900573873310000295e+01 1.922581189739999985e+01
-9.900489612229999636e+01 1.922588851300000101e+01
-9.900444207089999793e+01 1.922592979639999911e+01
-9.900405486670000244e+01 1.922596500050000046e+01
-9.900397048909999853e+01 1.922597267209999927e+01
-9.900301901189999398e+01 1.922605917459999958e+01
-9.900214013240000099e+01 1.922613907199999872e+01
-9.900166196540000385e+01 1.922618253910000163e+01
-9.900148781469999903e+01 1.922619836959999873e+01
-9.900010375979999822e+01 1.922631757790000151e+01
-9.900009611960000200e+01 1.922639282380000125e+01
-9.900312899610000272e+01 1.922706000659999859e+01
-9.900299064870000620e+01 1.922757392060000114e+01
-9.900221510340000464e+01 1.922735742829999950e+01
-9.900076573180000139e+01 1.922699438069999900e+01
-9.899984690590000014e+01 1.922678392559999949e+01
-9.899967382929999360e+01 1.922728268770000071e+01
-9.899957247609999911e+01 1.922755951130000085e+01
-9.899902229459999603e+01 1.922735704799999823e+01
-9.899886394440000004e+01 1.922770473949999825e+01
-9.899814738589999763e+01 1.922753190539999935e+01
-9.899717700329999559e+01 1.922747257150000166e+01
