-9.897892779110000561e+01 1.932393054550000144e+01
-9.897856031320000625e+01 1.932390249830000073e+01
-9.897848704819999455e+01 1.932461011679999885e+01
-9.897833027260000449e+01 1.932464154839999892e+01
-9.897820309489999602e+01 1.932533108319999826e+01
-9.897792659899999990e+01 1.932528518670000039e+01
-9.897804562269999451e+01 1.932499235479999911e+01
-9.897749385800000255e+01 1.932476858820000132e+01
-9.897739737880000632e+01 1.932522537759999892e+01
-9.897694180839999945e+01 1.932506816860000143e+01
-9.897659050769999567e+01 1.932494756599999874e+01
-9.897651651469999479e+01 1.932425568609999900e+01
-9.897622819180000420e+01 1.932429620559999961e+01
-9.897629244709999341e+01 1.932493839320000006e+01
-9.897595639639999376e+01 1.932494675890000124e+01
-9.897532368340000630e+01 1.932564349669999970e+01
-9.897470915990000151e+01 1.932566722880000043e+01
-9.897118338789999825e+01 1.932543163349999915e+01
-9.897079227929999945e+01 1.932518233000000052e+01
-9.897039264939999725e+01 1.932492759289999995e+01
-9.896986461059999840e+01 1.932485374730000061e+01
-9.896930710780000595e+01 1.932477577939999946e+01
-9.896904582770000047e+01 1.932475072860000154e+01
-9.896896024340000508e+01 1.932474252269999937e+01
-9.896861777479999489e+01 1.932523252409999870e+01
-9.896831469410000182e+01 1.932566616769999968e+01
-9.896827530359999514e+01 1.932572252590000161e+01
-9.896635192460000496e+01 1.932567174249999908e+01
-9.896618572449999363e+01 1.932566331869999843e+01
-9.896096813590000352e+01 1.932539876879999952e+01
-9.896044824329999301e+01 1.932537215250000173e+01
-9.895835867530000485e+01 1.932361182180000014e+01
-9.895790262289999362e+01 1.932322761589999871e+01
-9.895900146280000342e+01 1.932185907019999860e+01
-9.895915551820000644e+01 1.932165966100000176e+01
-9.896086043750000272e+01 1.931945276800000144e+01
-9.896113107040000045e+01 1.931910244479999861e+01
-9.896139912590000165e+01 1.931875545729999999e+01
-9.896187613780000447e+01 1.931813797879999939e+01
-9.896256207970000673e+01 1.931725003620000081e+01
-9.896296582319999402e+01 1.931672738900000041e+01
-9.896299059099999340e+01 1.931661556659999945e+01
-9.896334128309999301e+01 1.931503223720000051e+01
-9.896341545859999655e+01 1.931450567879999980e+01
-9.896344284689999427e+01 1.931431125019999939e+01
-9.896344845999999507e+01 1.931427140259999931e+01
-9.896355645289999359e+01 1.931350477890000050e+01
-9.896374719690000177e+01 1.931215068790000089e+01
-9.896374782499999867e+01 1.931214623079999981e+01
-9.896389544100000535e+01 1.931109829189999871e+01
-9.896389563370000531e+01 1.931109692309999915e+01
-9.896397279149999804e+01 1.931054916640000130e+01
-9.896405344430000639e+01 1.931004772609999875e+01
-9.896405487580000226e+01 1.931003882619999956e+01
-9.896422984400000189e+01 1.930895099359999989e+01
-9.896423010329999670e+01 1.930894938060000143e+01
-9.896439330559999803e+01 1.930793468739999952e+01
-9.896441065589999653e+01 1.930788691309999905e+01
-9.896477606320000575e+01 1.930688076979999934e+01
-9.896538676519999456e+01 1.930633592770000106e+01
-9.896627567080000176e+01 1.930596248319999830e+01
-9.896722384490000479e+01 1.930596983959999946e+01
-9.896755644739999980e+01 1.930374501840000079e+01
-9.896824218199999734e+01 1.929915781760000115e+01
-9.896891555160000564e+01 1.929473894259999867e+01
-9.896960712870000521e+01 1.929020030819999931e+01
-9.897027786990000209e+01 1.928579814260000092e+01
-9.897143088270000533e+01 1.927836668850000024e+01
-9.897174554299999727e+01 1.927662945240000170e+01
-9.897336293989999945e+01 1.926769915730000093e+01
-9.897491757100000598e+01 1.925949052240000015e+01
-9.897541315729999667e+01 1.925753499240000011e+01
-9.897653062569999349e+01 1.925312538889999914e+01
-9.896598686989999294e+01 1.924994100720000034e+01
-9.896796780619999367e+01 1.923643631999999926e+01
-9.896858650410000280e+01 1.923221794810000063e+01
-9.896836668369999757e+01 1.923214762039999925e+01
-9.896792031290000580e+01 1.923200481110000126e+01
-9.896787554920000218e+01 1.923199048960000113e+01
-9.896613409050000598e+01 1.923143332289999918e+01
-9.896248285400000100e+01 1.923026507140000163e+01
-9.896213505320000081e+01 1.923015378490000060e+01
-9.896041677469999343e+01 1.922960396899999935e+01
-9.895864749400000449e+01 1.922903781280000146e+01
-9.895611314869999831e+01 1.922822680490000025e+01
-9.895587401519999560e+01 1.922815027849999936e+01
-9.895226017289999731e+01 1.922699374380000137e+01
-9.894764475809999738e+01 1.922551655239999846e+01
-9.894664368070000648e+01 1.922519612820000035e+01
-9.894592731299999855e+01 1.922496682279999902e+01
-9.894577036340000120e+01 1.922495430749999912e+01
-9.894524338159999388e+01 1.922491228259999829e+01
-9.894476000909999414e+01 1.922462028260000011e+01
-9.894415934369999377e+01 1.922442921069999855e+01
-9.894294950629999619e+01 1.922407669289999887e+01
-9.894030281210000055e+01 1.922323964030000099e+01
-9.894185884290000388e+01 1.921796760080000155e+01
-9.894255321079999987e+01 1.921561486139999886e+01
-9.895090937019999444e+01 1.921813066740000053e+01
-9.895108553480000069e+01 1.921818370000000087e+01
-9.895215457770000000e+01 1.921659902249999874e+01
-9.895239244200000428e+01 1.921624642209999934e+01
-9.895327515789999495e+01 1.921549597610000149e+01
-9.895289467850000165e+01 1.921526994490000106e+01
-9.895328311209999583e+01 1.921535575640000104e+01
-9.895367175980000241e+01 1.921544161479999957e+01
-9.895394833340000673e+01 1.921464584719999991e+01
-9.895530772639999384e+01 1.921483535180000146e+01
-9.895690884750000293e+01 1.921505853869999925e+01
-9.895746128449999901e+01 1.921513554070000040e+01
-9.895844946639999762e+01 1.921485766609999857e+01
-9.895913263420000305e+01 1.921466555619999994e+01
-9.895922674509999695e+01 1.921463909199999875e+01
-9.896003016519999562e+01 1.921441316190000137e+01
-9.895974489750000203e+01 1.921387086360000040e+01
-9.896112941139999464e+01 1.921399845439999865e+01
-9.896254208130000052e+01 1.921412862660000087e+01
-9.896258296729999415e+01 1.921413239290000163e+01
-9.896269404909999423e+01 1.921414262880000123e+01
-9.896353534879999359e+01 1.921304425619999989e+01
-9.896431157620000363e+01 1.921323924089999835e+01
-9.896465396039999973e+01 1.921304744829999933e+01
-9.896715678249999826e+01 1.921164540910000085e+01
-9.896725872800000445e+01 1.921150297670000029e+01
-9.896727812160000326e+01 1.921147588070000012e+01
-9.896755369699999960e+01 1.921109085639999847e+01
-9.896782927079999581e+01 1.921070583190000036e+01
-9.896806679760000236e+01 1.921059901610000153e+01
-9.896844036880000317e+01 1.921057638619999963e+01
-9.896852792720000025e+01 1.921057108169999950e+01
-9.896857758650000392e+01 1.921058905710000175e+01
-9.896892605230000584e+01 1.921071244799999889e+01
-9.896924021229999369e+01 1.921085082999999827e+01
-9.896947313959999804e+01 1.921097417660000062e+01
-9.896976106140000695e+01 1.921118256780000166e+01
-9.896993068029999563e+01 1.921125521420000126e+01
-9.896997776489999410e+01 1.921127537980000000e+01
-9.897101601250000158e+01 1.921171607550000004e+01
-9.897129551979999462e+01 1.921186463880000161e+01
-9.897149778579999690e+01 1.921197155679999824e+01
-9.897170614210000394e+01 1.921213022770000123e+01
-9.897197039830000165e+01 1.921232647469999932e+01
-9.897222425660000056e+01 1.921251090790000049e+01
-9.897242857460000209e+01 1.921269541350000054e+01
-9.897282771410000635e+01 1.921317053690000165e+01
-9.897305902870000693e+01 1.921345446580000171e+01
-9.897317681619999519e+01 1.921361551789999922e+01
-9.897321268139999972e+01 1.921366450880000087e+01
-9.897333227129999500e+01 1.921382248950000005e+01
-9.897362140529999408e+01 1.921408292699999976e+01
-9.897371660490000522e+01 1.921412780280000021e+01
-9.897434953309999628e+01 1.921444313459999975e+01
-9.897450209529999654e+01 1.921448320640000063e+01
-9.897495758770000407e+01 1.921458535080000019e+01
-9.897501031490000400e+01 1.921459119369999868e+01
-9.897789667610000208e+01 1.921508232720000109e+01
-9.897815003520000232e+01 1.921506830839999935e+01
-9.898239262309999731e+01 1.921863713340000146e+01
-9.898431784790000165e+01 1.922025616959999894e+01
-9.898437096829999859e+01 1.922030084780000081e+01
-9.898571902899999486e+01 1.922143465390000117e+01
-9.898823391439999853e+01 1.922370476640000092e+01
-9.899055868470000519e+01 1.922577834930000051e+01
-9.899107358370000043e+01 1.922559467869999850e+01
-9.899123727129999395e+01 1.922478977489999963e+01
-9.899186799730000530e+01 1.922484134569999981e+01
-9.899249385410000457e+01 1.922488788449999930e+01
-9.899255074559999912e+01 1.922489211459999936e+01
-9.899290664769999637e+01 1.922491847499999906e+01
-9.899326278229999332e+01 1.922494485180000012e+01
-9.899339530780000018e+01 1.922582388609999882e+01
-9.899345910850000507e+01 1.922624707279999967e+01
-9.899349723139999924e+01 1.922649993679999980e+01
-9.899354202119999968e+01 1.922679702030000115e+01
-9.899356207430000154e+01 1.922693003650000065e+01
-9.899361065860000508e+01 1.922709077729999905e+01
-9.899366731300000311e+01 1.922727822070000059e+01
-9.899372541549999482e+01 1.922747045679999900e+01
-9.899420421230000500e+01 1.922742602699999992e+01
-9.899439443430000551e+01 1.922744792070000130e+01
-9.899526391160000571e+01 1.922751491480000041e+01
-9.899542281899999807e+01 1.922643462079999921e+01
-9.899544219240000587e+01 1.922624236389999908e+01
-9.899579087319999360e+01 1.922503849630000161e+01
-9.899611645909999424e+01 1.922513468500000045e+01
-9.899637625169999922e+01 1.922521143579999858e+01
-9.899636199980000129e+01 1.922526077439999881e+01
-9.899618060189999369e+01 1.922588877649999972e+01
-9.899626944070000434e+01 1.922597717260000039e+01
-9.899638269919999800e+01 1.922612889419999860e+01
-9.899642860580000558e+01 1.922619039050000112e+01
-9.899668106839999382e+01 1.922632638480000011e+01
-9.899706317509999565e+01 1.922642352640000141e+01
-9.899746359629999404e+01 1.922648845819999863e+01
-9.899744704110000271e+01 1.922718446360000044e+01
-9.899723374440000612e+01 1.922731069889999844e+01
-9.899717700329999559e+01 1.922747257150000166e+01
-9.899814738589999763e+01 1.922753190539999935e+01
-9.899886394440000004e+01 1.922770473949999825e+01
-9.899902229459999603e+01 1.922735704799999823e+01
-9.899957247609999911e+01 1.922755951130000085e+01
-9.899967382929999360e+01 1.922728268770000071e+01
-9.899984690590000014e+01 1.922678392559999949e+01
-9.900076573180000139e+01 1.922699438069999900e+01
-9.900221510340000464e+01 1.922735742829999950e+01
-9.900299064870000620e+01 1.922757392060000114e+01
-9.900312899610000272e+01 1.922706000659999859e+01
-9.900009611960000200e+01 1.922639282380000125e+01
-9.900010375979999822e+01 1.922631757790000151e+01
-9.900148781469999903e+01 1.922619836959999873e+01
-9.900166196540000385e+01 1.922618253910000163e+01
-9.900214013240000099e+01 1.922613907199999872e+01
-9.900301901189999398e+01 1.922605917459999958e+01
-9.900397048909999853e+01 1.922597267209999927e+01
-9.900405486670000244e+01 1.922596500050000046e+01
-9.900444207089999793e+01 1.922592979639999911e+01
-9.900489612229999636e+01 1.922588851300000101e+01
-9.900573873310000295e+01 1.922581189739999985e+01
-9.900580006040000569e+01 1.922580632060000028e+01
-9.900715196929999706e+01 1.922568338530000176e+01
-9.900755936359999509e+01 1.922564633669999878e+01
-9.900852974699999720e+01 1.922555808490000118e+01
-9.900889496450000138e+01 1.922552486820000084e+01
-9.901044629060000091e+01 1.922538679159999830e+01
-9.901160439609999742e+01 1.922528370279999876e+01
-9.901206013809999718e+01 1.922524313270000107e+01
-9.901249421180000354e+01 1.922520448979999941e+01
-9.901267354440000190e+01 1.922518852449999827e+01
-9.901315773129999798e+01 1.922514541820000034e+01
-9.901510929449999310e+01 1.922497165949999953e+01
-9.901521133120000684e+01 1.922496257410000098e+01
-9.901588017209999748e+01 1.922490301690000081e+01
-9.901616274079999869e+01 1.922487785479999900e+01
-9.901748332130000563e+01 1.922476025210000117e+01
-9.901778960430000609e+01 1.922473297430000017e+01
-9.901820380920000275e+01 1.922469625280000116e+01
-9.901962418210000294e+01 1.922457031949999973e+01
-9.901998742589999836e+01 1.922453811169999938e+01
-9.902119049789999394e+01 1.922443143159999934e+01
-9.902173832569999945e+01 1.922438285109999967e+01
-9.902271196450000446e+01 1.922429650540000168e+01
-9.902300388700000155e+01 1.922427063170000139e+01
-9.902501800749999461e+01 1.922409209939999997e+01
-9.902532772639999337e+01 1.922406464310000018e+01
-9.902627388759999860e+01 1.922398076360000019e+01
-9.903019303870000556e+01 1.922363284129999883e+01
-9.902790482429999486e+01 1.922632930429999831e+01
-9.901820402110000430e+01 1.923767634260000037e+01
-9.901786106369999629e+01 1.923822860190000128e+01
-9.901773492719999581e+01 1.923854086429999910e+01
-9.901668704840000146e+01 1.923958699319999965e+01
-9.901574257999999418e+01 1.924054807150000102e+01
-9.901561736360000054e+01 1.924073962230000134e+01
-9.901555814719999660e+01 1.924079245700000129e+01
-9.901548982629999784e+01 1.924085698129999855e+01
-9.901541478910000649e+01 1.924098946020000156e+01
-9.901528217800000675e+01 1.924137346459999875e+01
-9.901506356039999446e+01 1.924185716819999925e+01
-9.901498266020000472e+01 1.924209829839999841e+01
-9.901495463739999536e+01 1.924225483260000047e+01
-9.901493485020000662e+01 1.924245963879999977e+01
-9.901484957949999455e+01 1.924260633449999958e+01
-9.901463917110000068e+01 1.924292146259999825e+01
-9.901430315940000071e+01 1.924363665890000163e+01
-9.901417441659999952e+01 1.924400363739999875e+01
-9.901414806420000048e+01 1.924410258170000176e+01
-9.901411285519999694e+01 1.924423531360000084e+01
-9.901407339610000236e+01 1.924435283469999902e+01
-9.901402219569999374e+01 1.924455622729999860e+01
-9.901399548230000391e+01 1.924468032900000125e+01
-9.901397182540000586e+01 1.924485062700000171e+01
-9.901395755560000111e+01 1.924491834190000006e+01
-9.901391692539999667e+01 1.924511115119999971e+01
-9.901282745150000153e+01 1.924480718759999931e+01
-9.901256527779999317e+01 1.924473403929999904e+01
-9.901247532300000387e+01 1.924501429540000075e+01
-9.901270941660000346e+01 1.924514252279999837e+01
-9.901246805040000254e+01 1.924593167209999933e+01
-9.901239694529999724e+01 1.924612289439999913e+01
-9.901238508000000138e+01 1.924635683320000012e+01
-9.901229602360000115e+01 1.924651387970000016e+01
-9.901119138769999495e+01 1.924605278559999988e+01
-9.901113196139999673e+01 1.924613143170000029e+01
-9.901114542089999304e+01 1.924620416289999980e+01
-9.901112276679999979e+01 1.924652832920000023e+01
-9.901107241350000265e+01 1.924672205010000070e+01
-9.901082138600000349e+01 1.924700554169999833e+01
-9.901062606050000170e+01 1.924700307879999883e+01
-9.901051080119999881e+01 1.924707246970000085e+01
-9.901045937989999857e+01 1.924714296679999848e+01
-9.901035198620000699e+01 1.924732083549999828e+01
-9.901013745119999498e+01 1.924766600010000062e+01
-9.900980425000000196e+01 1.924826455899999900e+01
-9.900977045240000507e+01 1.924848300869999917e+01
-9.900971472439999843e+01 1.924872971770000163e+01
-9.900960047690000465e+01 1.924907087769999947e+01
-9.900950835529999949e+01 1.924936190860000096e+01
-9.900950509390000320e+01 1.924937163710000121e+01
-9.900950205930000436e+01 1.924938067789999963e+01
-9.900935216759999946e+01 1.924969451509999985e+01
-9.900920889709999528e+01 1.924999503089999919e+01
-9.900906525499999589e+01 1.925029697989999988e+01
-9.900888291290000609e+01 1.925067509220000161e+01
-9.900882196480000630e+01 1.925067862770000104e+01
-9.900865255189999914e+01 1.925076767619999885e+01
-9.900843868350000321e+01 1.925069382939999940e+01
-9.900826499149999904e+01 1.925072799850000038e+01
-9.900794692540000597e+01 1.925054603690000121e+01
-9.900768954219999785e+01 1.925102392109999982e+01
-9.900750555390000329e+01 1.925077913129999985e+01
-9.900728356339999436e+01 1.925117743239999868e+01
-9.900704477210000221e+01 1.925160587599999928e+01
-9.900761873000000435e+01 1.925216929750000006e+01
-9.900776656150000576e+01 1.925231543559999992e+01
-9.900813050029999829e+01 1.925271789549999824e+01
-9.900834484589999818e+01 1.925294482179999989e+01
-9.900858116489999361e+01 1.925319546160000073e+01
-9.900924079790000576e+01 1.925392676579999929e+01
-9.900981230649999532e+01 1.925448823540000021e+01
-9.900985795969999970e+01 1.925453308610000036e+01
-9.901069338429999789e+01 1.925534166899999988e+01
-9.901082527030000335e+01 1.925546649709999869e+01
-9.901102980490000505e+01 1.925560450809999935e+01
-9.901128765410000199e+01 1.925572909590000137e+01
-9.901132425590000707e+01 1.925564779080000122e+01
-9.901169831929999532e+01 1.925601112589999886e+01
-9.901182900540000276e+01 1.925624462609999910e+01
-9.901177172670000459e+01 1.925666011870000105e+01
-9.901185047699999586e+01 1.925677514950000102e+01
-9.901198541559999455e+01 1.925696153550000034e+01
-9.901218503059999421e+01 1.925722780059999906e+01
-9.901252521799999329e+01 1.925763199700000072e+01
-9.901267753950000383e+01 1.925778718850000004e+01
-9.901283405110000047e+01 1.925794708629999974e+01
-9.901296476349999409e+01 1.925805507649999981e+01
-9.901321717199999739e+01 1.925823593380000176e+01
-9.901344338769999354e+01 1.925837370030000173e+01
-9.901372239209999293e+01 1.925849674099999831e+01
-9.901391675509999857e+01 1.925857917909999983e+01
-9.901418953639999643e+01 1.925870948820000095e+01
-9.901444296440000414e+01 1.925881055090000160e+01
-9.901486105610000266e+01 1.925899386520000078e+01
-9.901556034710000631e+01 1.925933848069999854e+01
-9.901595541529999878e+01 1.925955260929999824e+01
-9.901608247090000248e+01 1.925967919980000076e+01
-9.901615405789999613e+01 1.925975052440000113e+01
-9.901638881469999376e+01 1.925989429199999847e+01
-9.901651512179999770e+01 1.925995544479999921e+01
-9.901656857359999719e+01 1.925998003049999951e+01
-9.901727229399999430e+01 1.926022136079999925e+01
-9.901742204580000362e+01 1.926026983499999901e+01
-9.901757122419999746e+01 1.926032197259999990e+01
-9.901794462770000393e+01 1.926045868219999946e+01
-9.901867409269999598e+01 1.926074365679999900e+01
-9.901890778349999778e+01 1.926083254939999989e+01
-9.901899176480000619e+01 1.926086449510000165e+01
-9.901907428149999646e+01 1.926089514239999900e+01
-9.901930434659999491e+01 1.926097597169999887e+01
-9.901974259070000528e+01 1.926115073429999924e+01
-9.901982535800000562e+01 1.926102917709999929e+01
-9.902005778909999378e+01 1.926096410530000114e+01
-9.902032634370000608e+01 1.926091949379999946e+01
-9.902051821179999536e+01 1.926093459539999841e+01
-9.902075239600000600e+01 1.926095713020000133e+01
-9.902103229470000656e+01 1.926101731409999829e+01
-9.902109502449999923e+01 1.926103052119999859e+01
-9.902130019380000192e+01 1.926106939010000119e+01
-9.902151164490000212e+01 1.926111574869999998e+01
-9.902175453399999583e+01 1.926117383589999932e+01
-9.902201159300000199e+01 1.926123900909999875e+01
-9.902253552989999719e+01 1.926137239370000032e+01
-9.902290095639999379e+01 1.926146089610000089e+01
-9.902401663419999522e+01 1.926174722300000042e+01
-9.902405724790000363e+01 1.926175717969999823e+01
-9.902435060409999323e+01 1.926182099140000048e+01
-9.902482033190000266e+01 1.926193193010000115e+01
-9.902508207430000198e+01 1.926200984760000168e+01
-9.902538860600000703e+01 1.926208477739999836e+01
-9.902584222689999649e+01 1.926220518899999945e+01
-9.902603977329999907e+01 1.926194364170000028e+01
-9.902647248110000078e+01 1.926176881789999840e+01
-9.902685950119999347e+01 1.926176076280000160e+01
-9.902711930099999904e+01 1.926193845110000069e+01
-9.902720055960000423e+01 1.926183699570000130e+01
-9.902789589569999862e+01 1.926222227219999894e+01
-9.902930075279999755e+01 1.926237463100000014e+01
-9.902956584749999536e+01 1.926248441450000115e+01
-9.902982032159999903e+01 1.926259554530000173e+01
-9.903028093540000043e+01 1.926294116940000123e+01
-9.903043045239999742e+01 1.926314399159999979e+01
-9.903046808380000243e+01 1.926325102790000088e+01
-9.903053587629999299e+01 1.926416845480000006e+01
-9.903084594109999728e+01 1.926463728430000089e+01
-9.903106592739999314e+01 1.926493253359999969e+01
-9.903267090239999959e+01 1.926669220209999978e+01
-9.903302189180000425e+01 1.926711690870000027e+01
-9.903373385209999924e+01 1.926770381609999916e+01
-9.903464395449999813e+01 1.926874516979999896e+01
-9.903567151869999918e+01 1.927026343349999848e+01
-9.903594369990000246e+01 1.927063660159999969e+01
-9.903646390919999476e+01 1.927097683470000078e+01
-9.903731944550000321e+01 1.927170573209999915e+01
-9.903749198650000096e+01 1.927176168369999942e+01
-9.903837167240000383e+01 1.927203641790000077e+01
-9.903858946690000664e+01 1.927213224979999850e+01
-9.903952766630000326e+01 1.927265037569999961e+01
-9.904022734389999982e+01 1.927305680970000168e+01
-9.904043121380000514e+01 1.927325398920000055e+01
-9.904145143489999725e+01 1.927378050449999947e+01
-9.904510004780000543e+01 1.927486411230000130e+01
-9.904732228439999631e+01 1.927559859850000024e+01
-9.904828697589999820e+01 1.927597823780000041e+01
-9.905056726249999599e+01 1.927750348300000027e+01
-9.905237160119999373e+01 1.927848199070000135e+01
-9.905387087450000649e+01 1.927908576129999929e+01
-9.905449831839999320e+01 1.927936715539999923e+01
-9.905478907890000073e+01 1.927942676589999849e+01
-9.905515967370000396e+01 1.927945881329999978e+01
-9.905607266910000419e+01 1.927945638079999924e+01
-9.905676295269999798e+01 1.927950035610000157e+01
-9.905760033910000573e+01 1.927962888149999898e+01
-9.905857541679999656e+01 1.927990962670000030e+01
-9.905967262599999401e+01 1.928028495799999931e+01
-9.906437018750000334e+01 1.928199276750000024e+01
-9.906464511769999604e+01 1.928211381079999853e+01
-9.906831062279999855e+01 1.928443926519999962e+01
-9.906896675049999601e+01 1.928495584379999883e+01
-9.906882061739999301e+01 1.928512350109999929e+01
-9.906864201659999480e+01 1.928532840720000152e+01
-9.906856075109999438e+01 1.928542164210000109e+01
-9.906847717210000326e+01 1.928551857600000119e+01
-9.906829822539999952e+01 1.928572611619999932e+01
-9.906811895600000639e+01 1.928593403050000177e+01
-9.906808915790000469e+01 1.928596477680000021e+01
-9.906793404939999448e+01 1.928612574479999964e+01
-9.906777478760000122e+01 1.928629102349999869e+01
-9.906757151450000265e+01 1.928650192970000177e+01
-9.906737629840000636e+01 1.928670231799999968e+01
-9.906720184990000178e+01 1.928688138769999938e+01
-9.906705771420000417e+01 1.928702934149999848e+01
-9.906702021930000512e+01 1.928706641189999971e+01
-9.906671075570000085e+01 1.928737252199999830e+01
-9.906636587760000623e+01 1.928771365909999957e+01
-9.906619380050000245e+01 1.928788386940000166e+01
-9.906603025809999963e+01 1.928804563779999981e+01
-9.906596305349999909e+01 1.928811211289999861e+01
-9.906575837120000472e+01 1.928831593439999992e+01
-9.906569719729999690e+01 1.928837685110000066e+01
-9.906552130699999736e+01 1.928855200070000109e+01
-9.906535518440000487e+01 1.928871754469999900e+01
-9.906501482340000564e+01 1.928906093630000029e+01
-9.906494840979999594e+01 1.928912794109999851e+01
-9.906473062189999723e+01 1.928934766709999948e+01
-9.906439382979999664e+01 1.928968745390000095e+01
-9.906427266839999390e+01 1.928980969270000045e+01
-9.906416456549999339e+01 1.928991944159999861e+01
-9.906373674809999841e+01 1.929035377019999942e+01
-9.906353725869999494e+01 1.929055763050000039e+01
-9.906343304639999303e+01 1.929066412499999927e+01
-9.906338642459999733e+01 1.929071237269999983e+01
-9.906306765479999399e+01 1.929104225289999874e+01
-9.906282370169999751e+01 1.929129470750000053e+01
-9.906250633010000683e+01 1.929164713309999968e+01
-9.906209613650000279e+01 1.929210439430000079e+01
-9.906172361870000032e+01 1.929251962009999843e+01
-9.906168390819999559e+01 1.929256388299999969e+01
-9.906163166279999643e+01 1.929266311519999988e+01
-9.906161784530000602e+01 1.929306956960000008e+01
-9.906160130809999487e+01 1.929355601680000021e+01
-9.906156204760000605e+01 1.929409223860000111e+01
-9.906171916179999926e+01 1.929421956490000056e+01
-9.906197759779999501e+01 1.929442496100000071e+01
-9.906212738029999798e+01 1.929482215130000000e+01
-9.906234110990000374e+01 1.929565477790000116e+01
-9.906235248240000146e+01 1.929569579620000042e+01
-9.906240491130000692e+01 1.929590242709999970e+01
-9.906245516559999942e+01 1.929610026050000116e+01
-9.906251210460000323e+01 1.929632441360000072e+01
-9.906259449739999923e+01 1.929671454269999842e+01
-9.906260948749999784e+01 1.929683465349999949e+01
-9.906262041060000456e+01 1.929699152199999901e+01
-9.906264216930000543e+01 1.929730400329999895e+01
-9.906280239180000535e+01 1.929760618019999896e+01
-9.906296735620000504e+01 1.929782600849999952e+01
-9.906339926110000249e+01 1.929840155260000145e+01
-9.906360301310000693e+01 1.929867306419999906e+01
-9.906394542869999498e+01 1.929948063879999864e+01
-9.906438429259999623e+01 1.930051238249999912e+01
-9.906442211709999413e+01 1.930060487660000135e+01
-9.906458699620000630e+01 1.930108664979999844e+01
-9.906477742709999745e+01 1.930164308290000008e+01
-9.906450044999999704e+01 1.930252042420000080e+01
-9.906449010919999409e+01 1.930254981079999865e+01
-9.906434804430000440e+01 1.930296317040000176e+01
-9.906417317650000598e+01 1.930348002319999878e+01
-9.906403264799999420e+01 1.930387895289999989e+01
-9.906383116130000133e+01 1.930445203640000074e+01
-9.906371680089999643e+01 1.930477624139999904e+01
-9.906339963259999593e+01 1.930568499179999975e+01
-9.906266389249999804e+01 1.930544078530000007e+01
-9.906086474280000687e+01 1.930484359629999958e+01
-9.906048654110000484e+01 1.930469019590000102e+01
-9.905987128540000697e+01 1.930444064459999964e+01
-9.905938589679999495e+01 1.930503348799999941e+01
-9.905693076740000436e+01 1.930803213980000166e+01
-9.905612414070000682e+01 1.930904960290000005e+01
-9.905579565909999928e+01 1.930946393849999865e+01
-9.905547860160000084e+01 1.930984439699999911e+01
-9.905519729309999377e+01 1.931016973070000020e+01
-9.905494103770000436e+01 1.931053169759999832e+01
-9.905475248749999650e+01 1.931075659220000063e+01
-9.905457242280000685e+01 1.931094306509999825e+01
-9.905437046110000665e+01 1.931117371699999907e+01
-9.905417171999999937e+01 1.931140920369999847e+01
-9.905411215520000212e+01 1.931148254420000043e+01
-9.905400662479999596e+01 1.931161226300000067e+01
-9.905246636260000059e+01 1.931047826689999880e+01
-9.905201891859999819e+01 1.931102709119999972e+01
-9.905088511760000358e+01 1.931244704330000062e+01
-9.905082154389999971e+01 1.931249140410000109e+01
-9.905024295750000363e+01 1.931294125899999869e+01
-9.904954903659999843e+01 1.931241445839999926e+01
-9.904885511899999528e+01 1.931188765579999966e+01
-9.904811649549999686e+01 1.931278051849999855e+01
-9.904808355359999439e+01 1.931285237919999886e+01
-9.904683526300000551e+01 1.931442652499999824e+01
-9.904670367539999631e+01 1.931461038830000021e+01
-9.904661773189999963e+01 1.931487648919999955e+01
-9.904644373380000388e+01 1.931462744659999942e+01
-9.904632280789999754e+01 1.931450663809999924e+01
-9.904619519839999953e+01 1.931436389130000109e+01
-9.904592259380000030e+01 1.931411738130000089e+01
-9.904585100440000645e+01 1.931404334979999859e+01
-9.904568115280000029e+01 1.931386770390000152e+01
-9.904560010599999487e+01 1.931378068249999913e+01
-9.904544801970000378e+01 1.931360047480000119e+01
-9.904535368710000398e+01 1.931348320580000077e+01
-9.904522860570000375e+01 1.931336619149999834e+01
-9.904493452820000243e+01 1.931286132620000018e+01
-9.904481942760000379e+01 1.931276537209999944e+01
-9.904466401659999519e+01 1.931295292609999947e+01
-9.904459225259999755e+01 1.931291051730000063e+01
-9.904361252040000352e+01 1.931220774089999992e+01
-9.904350484399999743e+01 1.931233800229999886e+01
-9.904326950569999610e+01 1.931262270039999862e+01
-9.904302819359999432e+01 1.931291462500000122e+01
-9.904280659490000005e+01 1.931318270039999874e+01
-9.904278179739999644e+01 1.931321269909999927e+01
-9.904264194329999782e+01 1.931338197390000033e+01
-9.904260684550000349e+01 1.931342434269999941e+01
-9.904252412939999317e+01 1.931352440799999926e+01
-9.904239465940000287e+01 1.931368103040000150e+01
-9.904223100939999824e+01 1.931387899939999997e+01
-9.904218435250000141e+01 1.931393544149999997e+01
-9.904198565949999988e+01 1.931417580369999953e+01
-9.904195288030000199e+01 1.931421545599999945e+01
-9.904177959860000158e+01 1.931441639730000048e+01
-9.904170937039999956e+01 1.931433911219999899e+01
-9.904074560179999764e+01 1.931515738670000104e+01
-9.904044249150000212e+01 1.931541473549999921e+01
-9.904010303030000273e+01 1.931512668539999922e+01
-9.903975493609999603e+01 1.931483130639999857e+01
-9.903958522969999478e+01 1.931468729939999918e+01
-9.903951287559999628e+01 1.931474767330000120e+01
-9.903937997859999598e+01 1.931490578120000023e+01
-9.903935591810000005e+01 1.931493440570000075e+01
-9.903931803339999362e+01 1.931497947729999964e+01
-9.903929524410000340e+01 1.931501441949999887e+01
-9.903924246799999764e+01 1.931509534099999925e+01
-9.903915598679999732e+01 1.931522794079999983e+01
-9.903903398239999945e+01 1.931541501019999885e+01
-9.903885280880000153e+01 1.931564603980000072e+01
-9.903873289649999379e+01 1.931572583619999861e+01
-9.903491639480000686e+01 1.931680388210000032e+01
-9.902597627069999930e+01 1.931933389550000157e+01
-9.902596113730000127e+01 1.931933817690000055e+01
-9.901873975110000003e+01 1.932162710209999901e+01
-9.900944902720000584e+01 1.932456979639999872e+01
-9.900755103599999529e+01 1.932517088499999858e+01
-9.900135430609999787e+01 1.932713362919999867e+01
-9.899797143860000403e+01 1.932697729059999858e+01
-9.899294030289999569e+01 1.932674466090000109e+01
-9.898939318470000615e+01 1.932658056520000045e+01
-9.898653470269999843e+01 1.932644824659999827e+01
-9.898089259450000554e+01 1.932618748379999829e+01
-9.897986822900000448e+01 1.932613958239999974e+01
-9.897956742930000473e+01 1.932578703309999923e+01
-9.898060733490000018e+01 1.932465664569999930e+01
-9.898026436690000196e+01 1.932419008990000009e+01
-9.898019444349999674e+01 1.932414680489999981e+01
-9.897970799680000198e+01 1.932402990210000127e+01
-9.897933936610000671e+01 1.932396195809999995e+01
-9.897892779110000561e+01 1.932393054550000144e+01
