-9.911690472349999936e+01 1.945782834150000085e+01
-9.911673518729999444e+01 1.945769596390000089e+01
-9.911627846019999311e+01 1.945733933989999898e+01
-9.911616913880000368e+01 1.945725397949999902e+01
-9.911583419549999974e+01 1.945699244409999906e+01
-9.911546291080000515e+01 1.945670253060000121e+01
-9.911497079510000674e+01 1.945631826589999847e+01
-9.911471494500000290e+01 1.945611848660000121e+01
-9.911439019770000414e+01 1.945585076400000091e+01
-9.911399143449999372e+01 1.945548680399999952e+01
-9.911388008829999308e+01 1.945539723110000097e+01
-9.911349730829999771e+01 1.945510623999999922e+01
-9.911342579089999560e+01 1.945504841540000029e+01
-9.911303151360000641e+01 1.945472962839999909e+01
-9.911269439679999493e+01 1.945445705719999907e+01
-9.911263117260000399e+01 1.945440593800000073e+01
-9.911229868030000034e+01 1.945413970999999975e+01
-9.911217708549999372e+01 1.945404972180000058e+01
-9.911202459470000292e+01 1.945393686850000137e+01
-9.911186088780000603e+01 1.945382978909999849e+01
-9.911177513020000163e+01 1.945378127940000113e+01
-9.911161523709999699e+01 1.945370616510000161e+01
-9.911142934170000274e+01 1.945362041039999923e+01
-9.911136172060000149e+01 1.945359507550000089e+01
-9.911121389500000589e+01 1.945354241169999909e+01
-9.911072817730000395e+01 1.945336937189999915e+01
-9.911042497009999863e+01 1.945326135199999840e+01
-9.911027229430000318e+01 1.945320695979999925e+01
-9.911013818959999355e+01 1.945315918340000039e+01
-9.910986842840000577e+01 1.945306307690000125e+01
-9.910966708419999804e+01 1.945299134569999921e+01
-9.910946106180000470e+01 1.945291794610000125e+01
-9.910894589180000480e+01 1.945273363860000160e+01
-9.910889129150000088e+01 1.945287855309999969e+01
-9.910871230649999575e+01 1.945281323009999852e+01
-9.910854243490000215e+01 1.945275118229999833e+01
-9.910859317240000621e+01 1.945257384499999986e+01
-9.910811729280000293e+01 1.945240089529999850e+01
-9.910792447789999926e+01 1.945233104849999961e+01
-9.910769541370000013e+01 1.945224807019999957e+01
-9.910728672560000518e+01 1.945210002210000155e+01
-9.910686284790000400e+01 1.945194647050000114e+01
-9.910665126499999644e+01 1.945186982250000085e+01
-9.910644733290000374e+01 1.945179594680000079e+01
-9.910603022520000138e+01 1.945164484420000051e+01
-9.910557630229999404e+01 1.945148040480000162e+01
-9.910538289790000022e+01 1.945140969079999849e+01
-9.910474874579999494e+01 1.945117782550000030e+01
-9.910431590400000346e+01 1.945101956410000099e+01
-9.910411946169999453e+01 1.945094773730000171e+01
-9.910389276460000474e+01 1.945086484839999841e+01
-9.910349381899999344e+01 1.945071897760000112e+01
-9.910302324360000625e+01 1.945054755359999987e+01
-9.910254433199999369e+01 1.945037309110000123e+01
-9.910220228400000053e+01 1.945024848610000134e+01
-9.910195496560000095e+01 1.945015805079999893e+01
-9.910186345190000168e+01 1.945012465960000014e+01
-9.910144341550000036e+01 1.944997127259999914e+01
-9.910139576049999732e+01 1.944995392470000084e+01
-9.910136629800000208e+01 1.944994240369999972e+01
-9.910133750309999812e+01 1.944993528790000070e+01
-9.910107318980000457e+01 1.944987522970000171e+01
-9.910079424689999428e+01 1.944983708810000067e+01
-9.910055671119999943e+01 1.944982753469999892e+01
-9.910046121140000253e+01 1.944982757969999909e+01
-9.910025779859999773e+01 1.944983853729999979e+01
-9.909978840239999442e+01 1.944991973719999834e+01
-9.909969919809999794e+01 1.944994344239999862e+01
-9.909898114240000666e+01 1.945020854719999903e+01
-9.909884689339999397e+01 1.945025811169999841e+01
-9.909843566409999482e+01 1.945041290449999849e+01
-9.909797024460000614e+01 1.945058809440000047e+01
-9.909785798410000268e+01 1.945063035009999908e+01
-9.909745321469999624e+01 1.945078270979999857e+01
-9.909696378510000159e+01 1.945096693369999841e+01
-9.909654015760000334e+01 1.945112638799999871e+01
-9.909594918560000565e+01 1.945134892700000151e+01
-9.909592012539999928e+01 1.945135987049999926e+01
-9.909537375840000095e+01 1.945156746250000168e+01
-9.909526911300000052e+01 1.945160722299999989e+01
-9.909489964520000171e+01 1.945172053770000176e+01
-9.909473769900000661e+01 1.945175675249999969e+01
-9.909452503949999880e+01 1.945178668389999999e+01
-9.909421950450000338e+01 1.945179516769999850e+01
-9.909393536710000205e+01 1.945177580280000029e+01
-9.909372659999999655e+01 1.945174601489999944e+01
-9.909345090040000059e+01 1.945167903100000117e+01
-9.909321980170000188e+01 1.945160023080000045e+01
-9.909298455629999580e+01 1.945147631789999920e+01
-9.909289857020000625e+01 1.945141142510000165e+01
-9.909265346659999807e+01 1.945122652510000094e+01
-9.909248831870000629e+01 1.945107905769999945e+01
-9.909213237250000361e+01 1.945076140040000112e+01
-9.909192578760000458e+01 1.945057703630000034e+01
-9.909177038180000352e+01 1.945043274609999884e+01
-9.909155143719999614e+01 1.945022946039999923e+01
-9.909128463439999734e+01 1.944998173890000004e+01
-9.909115418170000567e+01 1.944986061619999873e+01
-9.909080134529999384e+01 1.944953301139999979e+01
-9.909063027509999699e+01 1.944937417390000078e+01
-9.909042202850000081e+01 1.944918081719999847e+01
-9.909006418510000458e+01 1.944884855979999827e+01
-9.908975334509999300e+01 1.944855994270000110e+01
-9.908968884559999424e+01 1.944850005449999841e+01
-9.908940484960000106e+01 1.944823636050000104e+01
-9.908899779940000485e+01 1.944785840739999827e+01
-9.908885787219999486e+01 1.944772848239999874e+01
-9.908864614270000004e+01 1.944753901110000172e+01
-9.908822361949999902e+01 1.944713312049999843e+01
-9.908793482830000698e+01 1.944685619439999869e+01
-9.908753181560000201e+01 1.944641051640000029e+01
-9.908730148409999572e+01 1.944605807459999980e+01
-9.908715634089999469e+01 1.944576686179999925e+01
-9.908687024420000000e+01 1.944596968849999996e+01
-9.908531502930000556e+01 1.944707223289999831e+01
-9.908420330859999581e+01 1.944782712630000177e+01
-9.908387157629999820e+01 1.944806612000000001e+01
-9.908274251909999464e+01 1.944887928149999823e+01
-9.908152949789999298e+01 1.944975920850000151e+01
-9.908115319869999382e+01 1.945001091439999996e+01
-9.908087674940000511e+01 1.945015731770000045e+01
-9.908059108470000353e+01 1.945013504539999971e+01
-9.908031045769999423e+01 1.945007114939999937e+01
-9.907932118700000501e+01 1.944979542669999972e+01
-9.907907272239999941e+01 1.944977198160000142e+01
-9.907869592560000171e+01 1.944974668060000056e+01
-9.907809816360000355e+01 1.944974709290000092e+01
-9.907697767080000517e+01 1.944936388050000176e+01
-9.907545180360000359e+01 1.944884201400000023e+01
-9.907530194410000490e+01 1.944879384480000084e+01
-9.907449757759999898e+01 1.944852095899999966e+01
-9.906984463189999701e+01 1.944690891910000019e+01
-9.906859567189999893e+01 1.944647618480000162e+01
-9.906850893520000056e+01 1.944646018099999907e+01
-9.906837775859999340e+01 1.944644017619999943e+01
-9.906821485199999699e+01 1.944642620939999844e+01
-9.906808786850000104e+01 1.944643655679999839e+01
-9.906780242749999843e+01 1.944650281339999864e+01
-9.906738369670000566e+01 1.944664229130000166e+01
-9.906722821469999474e+01 1.944653079480000102e+01
-9.906524894970000616e+01 1.944583398139999986e+01
-9.906465471440000670e+01 1.944562477250000043e+01
-9.906402518030000692e+01 1.944540313199999915e+01
-9.906343346890000134e+01 1.944519480559999991e+01
-9.906280679249999821e+01 1.944497416709999982e+01
-9.906262284870000201e+01 1.944490940369999876e+01
-9.906228517830000158e+01 1.944479051589999941e+01
-9.906214541239999960e+01 1.944484162150000017e+01
-9.906125957739999421e+01 1.944516552360000006e+01
-9.906021453930000575e+01 1.944554763009999832e+01
-9.905941471379999541e+01 1.944584002779999921e+01
-9.905871604200000036e+01 1.944609552489999871e+01
-9.905799876679999727e+01 1.944635777690000111e+01
-9.905734458400000619e+01 1.944659695100000008e+01
-9.905604813950000676e+01 1.944709198170000164e+01
-9.905550517759999707e+01 1.944729796889999918e+01
-9.905466735960000335e+01 1.944761919589999977e+01
-9.905389895800000488e+01 1.944790942030000025e+01
-9.905330229279999799e+01 1.944813064890000120e+01
-9.905256431710000697e+01 1.944842216030000159e+01
-9.905225808960000222e+01 1.944874259270000039e+01
-9.905204798290000667e+01 1.944896550149999825e+01
-9.905195354100000316e+01 1.944906126860000128e+01
-9.905152146039999650e+01 1.944951171650000177e+01
-9.905113832140000341e+01 1.944991261370000046e+01
-9.905086842059999697e+01 1.945018101240000163e+01
-9.905083290720000377e+01 1.945011625800000132e+01
-9.904980627109999602e+01 1.944824426559999964e+01
-9.904975077919999649e+01 1.944814307909999940e+01
-9.904889633179999464e+01 1.944658501569999842e+01
-9.904881579579999595e+01 1.944643815890000127e+01
-9.904792848110000136e+01 1.944482011919999920e+01
-9.904789499579999301e+01 1.944475905790000070e+01
-9.904738596650000204e+01 1.944383081229999988e+01
-9.904714079069999855e+01 1.944313093039999885e+01
-9.904645882389999656e+01 1.944236463700000073e+01
-9.904665206789999843e+01 1.944206349930000144e+01
-9.904687060780000252e+01 1.944172293990000000e+01
-9.904777861489999680e+01 1.944030793840000015e+01
-9.904820907879999936e+01 1.943963710970000136e+01
-9.904845135639999398e+01 1.943913116090000059e+01
-9.905056204209999748e+01 1.943472326079999846e+01
-9.905233217699999670e+01 1.943055866279999933e+01
-9.905243410120000647e+01 1.943033284450000053e+01
-9.905260201730000347e+01 1.942996081549999943e+01
-9.905399814019999383e+01 1.942682819439999875e+01
-9.905439382309999985e+01 1.942598458000000150e+01
-9.905439953810000020e+01 1.942597239519999874e+01
-9.905473062759999436e+01 1.942526648859999838e+01
-9.905493438930000138e+01 1.942483205150000103e+01
-9.905519642459999829e+01 1.942427336429999940e+01
-9.905529545279999581e+01 1.942391551609999922e+01
-9.905562188509999544e+01 1.942273590850000176e+01
-9.905578648869999370e+01 1.942214108150000129e+01
-9.905604532690000497e+01 1.942223444420000078e+01
-9.905613999400000580e+01 1.942207969109999866e+01
-9.905620688310000332e+01 1.942195077699999928e+01
-9.905628580020000129e+01 1.942183497410000115e+01
-9.905638795609999647e+01 1.942171434160000132e+01
-9.905655850150000674e+01 1.942156471619999891e+01
-9.905671036190000223e+01 1.942144388519999865e+01
-9.905682565210000234e+01 1.942135985650000052e+01
-9.905692328419999626e+01 1.942130392820000040e+01
-9.905702648579999448e+01 1.942124273639999998e+01
-9.905712660999999741e+01 1.942118603999999848e+01
-9.905726339029999394e+01 1.942113115829999970e+01
-9.905740530170000113e+01 1.942107357169999915e+01
-9.905757580329999712e+01 1.942101261499999865e+01
-9.905775209470000675e+01 1.942094632199999893e+01
-9.905786204890000590e+01 1.942090635450000136e+01
-9.905792215709999482e+01 1.942088671570000002e+01
-9.905986086869999951e+01 1.942084356160000169e+01
-9.906166132949999792e+01 1.942082884270000065e+01
-9.906367731570000501e+01 1.942081234120000133e+01
-9.906478608589999624e+01 1.942082583230000026e+01
-9.906573011899999415e+01 1.942081919150000147e+01
-9.906787850979999632e+01 1.942080406079999833e+01
-9.906795255330000316e+01 1.942080319280000111e+01
-9.906823559869999940e+01 1.942077751309999911e+01
-9.906844195339999715e+01 1.942073384929999946e+01
-9.906874329560000092e+01 1.942063553019999844e+01
-9.906902087950000180e+01 1.942052417740000081e+01
-9.906929258249999748e+01 1.942037534159999979e+01
-9.906949545640000565e+01 1.942025280049999836e+01
-9.906975973219999787e+01 1.942005460849999920e+01
-9.906992064749999827e+01 1.941987432139999825e+01
-9.907031004770000493e+01 1.941928515249999876e+01
-9.907061669140000504e+01 1.941881033559999992e+01
-9.907133790749999491e+01 1.941770785450000147e+01
-9.907143072479999546e+01 1.941755429950000078e+01
-9.907226535159999514e+01 1.941620686550000130e+01
-9.907319930900000315e+01 1.941471741510000015e+01
-9.907325830819999624e+01 1.941462317659999925e+01
-9.907327765399999464e+01 1.941459243390000111e+01
-9.907332310910000217e+01 1.941451284440000080e+01
-9.907340662340000392e+01 1.941438366070000043e+01
-9.907351243120000106e+01 1.941427218780000175e+01
-9.907377727470000650e+01 1.941385809679999852e+01
-9.907401790670000707e+01 1.941348919200000012e+01
-9.907443870080000181e+01 1.941285492480000130e+01
-9.907475699969999994e+01 1.941236296579999987e+01
-9.907510240519999911e+01 1.941183785739999834e+01
-9.907528971659999684e+01 1.941154184930000071e+01
-9.907545783250000682e+01 1.941127204500000047e+01
-9.907564315429999624e+01 1.941098046009999933e+01
-9.907589852830000154e+01 1.941057865390000003e+01
-9.907611595340000576e+01 1.941025658259999886e+01
-9.907634474600000374e+01 1.940994670979999981e+01
-9.907668392639999411e+01 1.940945459159999942e+01
-9.907690112779999936e+01 1.940913160739999910e+01
-9.907700741700000435e+01 1.940896419759999958e+01
-9.907711560650000138e+01 1.940879580409999861e+01
-9.907731275669999604e+01 1.940853990100000104e+01
-9.907712531309999804e+01 1.940844283310000051e+01
-9.907709141009999598e+01 1.940842526639999832e+01
-9.907755167009999298e+01 1.940768818060000100e+01
-9.907797853700000701e+01 1.940714757730000173e+01
-9.907824041429999795e+01 1.940705027719999975e+01
-9.907852147049999303e+01 1.940699214969999886e+01
-9.907897827159999338e+01 1.940703907110000159e+01
-9.907907348230000366e+01 1.940700123630000107e+01
-9.907945912959999646e+01 1.940690110939999968e+01
-9.907972608800000103e+01 1.940686828669999997e+01
-9.907979008270000065e+01 1.940686989749999825e+01
-9.907990881720000687e+01 1.940687092750000176e+01
-9.908022696269999585e+01 1.940688499599999872e+01
-9.908083125199999586e+01 1.940695838859999967e+01
-9.908128471759999911e+01 1.940701933780000132e+01
-9.908193533380000417e+01 1.940710568900000155e+01
-9.908250216630000295e+01 1.940718091889999997e+01
-9.908305591479999919e+01 1.940726004629999935e+01
-9.908361572040000453e+01 1.940734003600000079e+01
-9.908412072350000699e+01 1.940741219459999911e+01
-9.908470905039999366e+01 1.940749370920000061e+01
-9.908526665489999630e+01 1.940757096449999963e+01
-9.908582926280000436e+01 1.940765065669999956e+01
-9.908638200229999882e+01 1.940772895039999923e+01
-9.908687490920000585e+01 1.940779876599999909e+01
-9.908745938229999695e+01 1.940788155030000084e+01
-9.908825659309999878e+01 1.940799629600000031e+01
-9.908889811779999945e+01 1.940809061299999883e+01
-9.908952839490000031e+01 1.940818327439999891e+01
-9.909026084479999952e+01 1.940829095469999999e+01
-9.909105168320000701e+01 1.940840721569999872e+01
-9.909159496089999664e+01 1.940848707969999865e+01
-9.909164325749999591e+01 1.940849418020000172e+01
-9.909233619389999603e+01 1.940859604259999927e+01
-9.909301500659999817e+01 1.940869582590000064e+01
-9.909305431219999605e+01 1.940870160400000088e+01
-9.909350070649999509e+01 1.940876206769999968e+01
-9.909390700490000370e+01 1.940881710049999853e+01
-9.909432608820000610e+01 1.940887386329999842e+01
-9.909475732020000294e+01 1.940893227109999941e+01
-9.909517055140000252e+01 1.940898823850000099e+01
-9.909559313159999761e+01 1.940904547270000080e+01
-9.909570673929999884e+01 1.940906085880000020e+01
-9.909612329869999314e+01 1.940911606199999895e+01
-9.909642790450000405e+01 1.940914662650000011e+01
-9.909702609539999685e+01 1.940916472190000164e+01
-9.909721999319999952e+01 1.940916936769999879e+01
-9.909753718599999672e+01 1.940916298699999842e+01
-9.909796675030000301e+01 1.940914291720000051e+01
-9.909804342489999840e+01 1.940913783419999916e+01
-9.909808163649999813e+01 1.940892463429999992e+01
-9.909890907300000151e+01 1.940885089749999892e+01
-9.909968031629999530e+01 1.940871171690000097e+01
-9.910108491500000127e+01 1.940842970610000151e+01
-9.910190610050000259e+01 1.940826445929999977e+01
-9.910282416500000124e+01 1.940807387390000116e+01
-9.910353081329999725e+01 1.940792830850000072e+01
-9.910479260179999983e+01 1.940766040789999991e+01
-9.910560728699999800e+01 1.940748637560000134e+01
-9.910607628180000006e+01 1.940738937300000089e+01
-9.910739122549999536e+01 1.940711733810000084e+01
-9.911015320740000334e+01 1.940654322440000001e+01
-9.911218970989999377e+01 1.940613899110000062e+01
-9.911319568780000111e+01 1.940593930080000007e+01
-9.911348197450000441e+01 1.940586572129999965e+01
-9.911356353620000448e+01 1.940583947789999897e+01
-9.911363440079999521e+01 1.940580998720000139e+01
-9.911385187509999639e+01 1.940577876009999869e+01
-9.911441687730000183e+01 1.940565055200000089e+01
-9.911457146739999757e+01 1.940561547349999927e+01
-9.911506718779999403e+01 1.940555867730000017e+01
-9.911555106449999641e+01 1.940554828659999842e+01
-9.911638050439999859e+01 1.940554308080000112e+01
-9.911721983910000233e+01 1.940553782909999825e+01
-9.911880972999999528e+01 1.940551692189999855e+01
-9.911966549919999636e+01 1.940537388479999947e+01
-9.912014612980000550e+01 1.940529186670000072e+01
-9.912043175840000231e+01 1.940524655389999964e+01
-9.912101959829999487e+01 1.940515329589999993e+01
-9.912111722650000445e+01 1.940514102850000100e+01
-9.912160515150000606e+01 1.940504998709999995e+01
-9.912172015260000535e+01 1.940503233680000150e+01
-9.912228134699999771e+01 1.940494943959999929e+01
-9.912327483059999622e+01 1.940476726380000017e+01
-9.912393606899999554e+01 1.940463842200000144e+01
-9.912567127130000699e+01 1.940433494950000082e+01
-9.912569845710000038e+01 1.940433067569999892e+01
-9.912586726429999828e+01 1.940519355469999851e+01
-9.912614981750000709e+01 1.940667816639999899e+01
-9.912618756899999539e+01 1.940682660290000072e+01
-9.912627179390000265e+01 1.940717102340000011e+01
-9.912639295869999501e+01 1.940774205290000154e+01
-9.912654319400000702e+01 1.940826134670000158e+01
-9.912674047260000521e+01 1.940882266870000095e+01
-9.912716796450000345e+01 1.940901109729999874e+01
-9.912716886309999609e+01 1.940926942400000144e+01
-9.912719103630000461e+01 1.940959510200000082e+01
-9.912729726919999962e+01 1.941004531149999934e+01
-9.912741758020000304e+01 1.941048349020000074e+01
-9.912759056209999642e+01 1.941104866759999936e+01
-9.912769151240000554e+01 1.941144973329999956e+01
-9.912775714529999505e+01 1.941181391840000003e+01
-9.912784729300000208e+01 1.941227990379999824e+01
-9.912800316339999540e+01 1.941302261550000097e+01
-9.912815458970000293e+01 1.941343786470000055e+01
-9.912819972559999826e+01 1.941375994059999854e+01
-9.912807922999999732e+01 1.941455535629999929e+01
-9.912790062359999865e+01 1.941554070440000146e+01
-9.912782916449999959e+01 1.941595790870000116e+01
-9.912761778559999470e+01 1.941740078899999844e+01
-9.912740927320000139e+01 1.941867828870000068e+01
-9.912737262849999809e+01 1.941898783590000122e+01
-9.912713929550000103e+01 1.942037805500000047e+01
-9.912700770029999831e+01 1.942075045480000028e+01
-9.912658274810000592e+01 1.942169946920000001e+01
-9.912622090169999467e+01 1.942248610680000098e+01
-9.912607936770000094e+01 1.942276123839999968e+01
-9.912600616090000472e+01 1.942287265530000084e+01
-9.912589428670000302e+01 1.942350127830000162e+01
-9.912576651259999494e+01 1.942436239799999953e+01
-9.912562837519999448e+01 1.942534508909999857e+01
-9.912561925469999835e+01 1.942539846669999903e+01
-9.912559082919999298e+01 1.942555258200000168e+01
-9.912553886770000133e+01 1.942584936449999944e+01
-9.912548905740000293e+01 1.942643744440000120e+01
-9.912547371390000706e+01 1.942653846780000038e+01
-9.912542998390000548e+01 1.942677641439999903e+01
-9.912527098360000366e+01 1.942763275660000133e+01
-9.912518260710000106e+01 1.942831897099999949e+01
-9.912511812990000237e+01 1.942869892090000050e+01
-9.912503660679999484e+01 1.942916458770000077e+01
-9.912494397669999557e+01 1.942978349290000040e+01
-9.912491328570000348e+01 1.942998565910000153e+01
-9.912478182179999919e+01 1.943082779670000093e+01
-9.912473285960000169e+01 1.943125940290000031e+01
-9.912462993840000536e+01 1.943198563969999881e+01
-9.912451905439999678e+01 1.943280646079999840e+01
-9.912433464010000250e+01 1.943392432499999956e+01
-9.912418332609999538e+01 1.943471242249999875e+01
-9.912406886949999318e+01 1.943558701230000096e+01
-9.912393954690000442e+01 1.943641877669999829e+01
-9.912376492609999445e+01 1.943749514619999985e+01
-9.912360131379999473e+01 1.943863887570000060e+01
-9.912344489310000029e+01 1.943955549369999858e+01
-9.912335641049999424e+01 1.944019081960000150e+01
-9.912326784459999374e+01 1.944085322069999933e+01
-9.912316219759999569e+01 1.944158079829999863e+01
-9.912307881190000103e+01 1.944249544070000013e+01
-9.912311468149999882e+01 1.944265968930000099e+01
-9.912378484090000086e+01 1.944357426259999855e+01
-9.912385416489999557e+01 1.944371677079999827e+01
-9.912419456169999421e+01 1.944441132320000065e+01
-9.912448225919999345e+01 1.944497739330000030e+01
-9.912538192739999943e+01 1.944664776589999988e+01
-9.912558859770000197e+01 1.944694975979999896e+01
-9.912570768749999672e+01 1.944712377580000151e+01
-9.912586658210000223e+01 1.944740492720000091e+01
-9.912593006219999836e+01 1.944761813139999873e+01
-9.912592920059999813e+01 1.944779478470000100e+01
-9.912588902890000497e+01 1.944818695809999909e+01
-9.912568584529999782e+01 1.944921564450000062e+01
-9.912555259169999999e+01 1.944983528250000049e+01
-9.912548129760000393e+01 1.945020430219999952e+01
-9.912521266619999949e+01 1.945108625909999844e+01
-9.912506804410000427e+01 1.945139494649999889e+01
-9.912501616100000490e+01 1.945150023840000131e+01
-9.912478236469999615e+01 1.945200904320000035e+01
-9.912442274709999879e+01 1.945333568350000064e+01
-9.912427808559999676e+01 1.945409779439999909e+01
-9.912416573470000003e+01 1.945454531440000068e+01
-9.912410623690000477e+01 1.945479509080000113e+01
-9.912378102329999763e+01 1.945602976229999825e+01
-9.912369003540000278e+01 1.945642956300000037e+01
-9.912358378109999535e+01 1.945702868400000085e+01
-9.912335951570000248e+01 1.945802869830000148e+01
-9.912333158949999756e+01 1.945815433969999830e+01
-9.912317992929999377e+01 1.945851183170000098e+01
-9.912283993360000522e+01 1.945900238189999953e+01
-9.912224120790000370e+01 1.945978240080000177e+01
-9.912217716179999627e+01 1.945975191710000018e+01
-9.912210097450000035e+01 1.945971565520000013e+01
-9.912199430350000284e+01 1.945967170830000015e+01
-9.912158813029999749e+01 1.945953841700000098e+01
-9.912111582810000243e+01 1.945938342190000014e+01
-9.912032355889999735e+01 1.945912342169999931e+01
-9.912026103659999876e+01 1.945910290289999978e+01
-9.911981345639999574e+01 1.945895601770000027e+01
-9.911938703440000609e+01 1.945881607460000140e+01
-9.911896968099999583e+01 1.945867910600000172e+01
-9.911849610570000380e+01 1.945852052609999916e+01
-9.911845137779999959e+01 1.945850498369999926e+01
-9.911800542769999822e+01 1.945835001640000073e+01
-9.911768785859999298e+01 1.945823965989999849e+01
-9.911751085599999556e+01 1.945817571259999923e+01
-9.911746426860000270e+01 1.945815784910000090e+01
-9.911734900170000628e+01 1.945810745669999875e+01
-9.911726900950000640e+01 1.945806704010000132e+01
-9.911714884760000643e+01 1.945799982180000143e+01
-9.911705350360000466e+01 1.945793865630000141e+01
-9.911696176659999935e+01 1.945787288160000017e+01
-9.911690472349999936e+01 1.945782834150000085e+01
