-9.913301433830000065e+01 1.921009500699999961e+01
-9.913831586909999771e+01 1.921572824080000075e+01
-9.914954364679999799e+01 1.921922407090000107e+01
-9.915439486389999502e+01 1.922063927720000009e+01
-9.915351936519999754e+01 1.922180624330000143e+01
-9.915348152759999323e+01 1.922158157430000003e+01
-9.915342425000000048e+01 1.922140986229999982e+01
-9.915328450030000340e+01 1.922118398559999974e+01
-9.915321710710000502e+01 1.922098516189999984e+01
-9.915305773519999377e+01 1.922074122240000094e+01
-9.915293442210000308e+01 1.922058087239999935e+01
-9.915284157019999611e+01 1.922050328890000159e+01
-9.915276704720000112e+01 1.922046210779999953e+01
-9.915261705780000057e+01 1.922046814000000126e+01
-9.915248051989999567e+01 1.922053383200000098e+01
-9.915233795429999475e+01 1.922071476880000063e+01
-9.915229025140000374e+01 1.922087753839999991e+01
-9.915206379980000406e+01 1.922129586089999975e+01
-9.915200981969999816e+01 1.922174114459999927e+01
-9.915203661930000578e+01 1.922188215419999935e+01
-9.915202287750000210e+01 1.922203946209999970e+01
-9.915190934240000331e+01 1.922241247859999902e+01
-9.915184219440000390e+01 1.922273121030000098e+01
-9.915177486470000190e+01 1.922287365680000093e+01
-9.915169045300000050e+01 1.922311027099999947e+01
-9.915167182650000655e+01 1.922318639710000099e+01
-9.915165186170000311e+01 1.922326125489999882e+01
-9.915161989150000466e+01 1.922335261319999944e+01
-9.915157987630000491e+01 1.922341734260000123e+01
-9.915154382549999923e+01 1.922343893929999936e+01
-9.915151176230000374e+01 1.922344023690000014e+01
-9.915147834299999374e+01 1.922342250970000066e+01
-9.915144754390000514e+01 1.922335277219999838e+01
-9.915142609439999433e+01 1.922328175790000060e+01
-9.915140832400000193e+01 1.922323042180000030e+01
-9.915139586739999800e+01 1.922322248240000064e+01
-9.915131472539999891e+01 1.922320793149999929e+01
-9.915122076400000140e+01 1.922324451360000097e+01
-9.915115021100000092e+01 1.922340797109999855e+01
-9.915116470079999544e+01 1.922348660649999985e+01
-9.915118459079999980e+01 1.922356181780000028e+01
-9.915120073820000357e+01 1.922363594369999973e+01
-9.915120390789999760e+01 1.922366187080000088e+01
-9.915120445290000362e+01 1.922369071820000030e+01
-9.915120222859999899e+01 1.922371699560000025e+01
-9.915119663209999601e+01 1.922374622530000110e+01
-9.915118694160000246e+01 1.922377707829999949e+01
-9.915117142180000087e+01 1.922381075850000087e+01
-9.915115318869999328e+01 1.922385414840000095e+01
-9.915113343580000560e+01 1.922390043129999881e+01
-9.915111389259999441e+01 1.922394157140000104e+01
-9.915110106650000432e+01 1.922397130979999957e+01
-9.915109024900000634e+01 1.922400287350000170e+01
-9.915108076680000693e+01 1.922404136780000172e+01
-9.915107519820000448e+01 1.922407911239999834e+01
-9.915107321840000054e+01 1.922411362249999911e+01
-9.915107438539999407e+01 1.922415108019999863e+01
-9.915107861799999966e+01 1.922418606169999933e+01
-9.915108450290000519e+01 1.922420848590000020e+01
-9.915109221650000393e+01 1.922423308009999943e+01
-9.915110304350000092e+01 1.922426198830000033e+01
-9.915111522040000125e+01 1.922428950779999823e+01
-9.915112829529999772e+01 1.922431509089999935e+01
-9.915114350769999874e+01 1.922434117010000065e+01
-9.915116416760000106e+01 1.922437195899999907e+01
-9.915119048420000070e+01 1.922440552449999984e+01
-9.915123285810000198e+01 1.922445008440000080e+01
-9.915127368390000129e+01 1.922448493659999968e+01
-9.915132031320000294e+01 1.922451742129999985e+01
-9.915137060739999697e+01 1.922454773660000171e+01
-9.915140870230000303e+01 1.922456505010000072e+01
-9.915145136889999833e+01 1.922458380610000006e+01
-9.915149555169999473e+01 1.922459677710000037e+01
-9.915155191739999907e+01 1.922460684609999859e+01
-9.915160218239999779e+01 1.922460969069999948e+01
-9.915174561099999551e+01 1.922462066570000161e+01
-9.915186245469999449e+01 1.922462932339999853e+01
-9.915196473589999471e+01 1.922464809779999939e+01
-9.915212037729999395e+01 1.922466222179999917e+01
-9.915221161579999887e+01 1.922467156129999921e+01
-9.915227642189999813e+01 1.922467320510000022e+01
-9.915236632110000414e+01 1.922468461300000087e+01
-9.915245637549999458e+01 1.922471017950000061e+01
-9.915254025710000008e+01 1.922474077089999867e+01
-9.915263747599999533e+01 1.922478399759999945e+01
-9.915269105420000528e+01 1.922481596249999924e+01
-9.915273734669999328e+01 1.922483770559999883e+01
-9.915278497670000490e+01 1.922487344130000153e+01
-9.915284056449999639e+01 1.922493364969999874e+01
-9.915290012650000051e+01 1.922500326720000174e+01
-9.915297359560000245e+01 1.922509923639999840e+01
-9.915303914230000260e+01 1.922520650939999953e+01
-9.915312337420000688e+01 1.922534243549999999e+01
-9.915321209859999385e+01 1.922560293969999989e+01
-9.915331697320000615e+01 1.922586253449999916e+01
-9.915337849450000363e+01 1.922598182260000144e+01
-9.915326161190000676e+01 1.922615975060000082e+01
-9.915318070780000426e+01 1.922631941950000112e+01
-9.915307199500000479e+01 1.922651083379999903e+01
-9.915298426270000220e+01 1.922664991059999906e+01
-9.915293530590000159e+01 1.922690222259999970e+01
-9.915286502850000261e+01 1.922713865400000088e+01
-9.915283208850000563e+01 1.922736456539999850e+01
-9.915276906379999389e+01 1.922764768809999936e+01
-9.915270002489999968e+01 1.922794511160000042e+01
-9.915264896029999875e+01 1.922815795240000014e+01
-9.915256181200000185e+01 1.922842679780000097e+01
-9.915251334079999879e+01 1.922858258489999983e+01
-9.915245630729999959e+01 1.922882853089999955e+01
-9.915241726450000215e+01 1.922897438780000101e+01
-9.915238938999999618e+01 1.922913468200000153e+01
-9.915237527120000038e+01 1.922927666049999829e+01
-9.915233316450000700e+01 1.922936819350000093e+01
-9.915223080180000181e+01 1.922947979059999923e+01
-9.915212846800000079e+01 1.922962283929999927e+01
-9.915202014060000124e+01 1.922980306479999868e+01
-9.915191446199999348e+01 1.922997391550000046e+01
-9.915186030370000481e+01 1.923006831680000062e+01
-9.915182125580000161e+01 1.923021131349999990e+01
-9.915179371220000348e+01 1.923048108260000078e+01
-9.915178089890000024e+01 1.923066491220000174e+01
-9.915174008200000344e+01 1.923080975830000128e+01
-9.915162492070000155e+01 1.923107652179999860e+01
-9.915152637810000158e+01 1.923119669160000100e+01
-9.915136596540000369e+01 1.923135385380000173e+01
-9.915123266749999686e+01 1.923149132420000029e+01
-9.915117039620000128e+01 1.923157938450000159e+01
-9.915109907609999595e+01 1.923177196640000020e+01
-9.915097605740000120e+01 1.923190826429999944e+01
-9.915093262359999926e+01 1.923194181479999898e+01
-9.915090136979999613e+01 1.923198397999999898e+01
-9.915086594529999786e+01 1.923208345129999941e+01
-9.915085187059999328e+01 1.923223477350000010e+01
-9.915081665750000184e+01 1.923231013610000062e+01
-9.915070153189999758e+01 1.923241267839999935e+01
-9.915060363130000098e+01 1.923256065900000067e+01
-9.915057525829999463e+01 1.923265472880000004e+01
-9.915058600560000457e+01 1.923291855129999917e+01
-9.915060161620000656e+01 1.923308316560000009e+01
-9.915057959649999475e+01 1.923316756710000064e+01
-9.915052026409999542e+01 1.923321105509999995e+01
-9.915047680349999837e+01 1.923341382519999954e+01
-9.915049108479999518e+01 1.923353086850000082e+01
-9.915052523410000163e+01 1.923367211340000082e+01
-9.915056072490000361e+01 1.923375498209999890e+01
-9.915065719320000426e+01 1.923397786430000167e+01
-9.915070414960000278e+01 1.923406535430000019e+01
-9.915073707649999335e+01 1.923420596089999890e+01
-9.915076441099999727e+01 1.923437571350000042e+01
-9.915074458509999999e+01 1.923454022270000152e+01
-9.915068317550000643e+01 1.923468886990000115e+01
-9.915059149580000053e+01 1.923469706550000069e+01
-9.915049214729999960e+01 1.923467111480000113e+01
-9.915048051370000337e+01 1.923462843540000122e+01
-9.915047791160000656e+01 1.923453830169999890e+01
-9.915046428899999853e+01 1.923441370569999975e+01
-9.915044234319999816e+01 1.923429440749999841e+01
-9.915038693220000710e+01 1.923423354859999890e+01
-9.915030924209999341e+01 1.923419397740000036e+01
-9.915025093779999565e+01 1.923417822809999933e+01
-9.915013427030000059e+01 1.923417060530000100e+01
-9.915002589280000223e+01 1.923418152309999840e+01
-9.914978146330000186e+01 1.923416098150000053e+01
-9.914966207060000158e+01 1.923413213230000096e+01
-9.914959551500000146e+01 1.923408192189999966e+01
-9.914954562340000166e+01 1.923403431450000056e+01
-9.914946506180000085e+01 1.923403188289999832e+01
-9.914938714049999646e+01 1.923408778570000166e+01
-9.914931089809999776e+01 1.923417570950000055e+01
-9.914930666600000109e+01 1.923426845839999899e+01
-9.914934493030000340e+01 1.923434506159999913e+01
-9.914943645900000035e+01 1.923441905010000141e+01
-9.914953633540000055e+01 1.923448771409999836e+01
-9.914957233169999995e+01 1.923455388089999829e+01
-9.914956943789999855e+01 1.923462543970000027e+01
-9.914954157649999900e+01 1.923468115349999863e+01
-9.914949426740000149e+01 1.923474485859999916e+01
-9.914941364599999929e+01 1.923480068880000005e+01
-9.914928257740000106e+01 1.923484419529999911e+01
-9.914920205149999788e+01 1.923488779639999890e+01
-9.914916672660000074e+01 1.923495762390000152e+01
-9.914909655479999628e+01 1.923503424060000100e+01
-9.914901053590000402e+01 1.923511743179999911e+01
-9.914894109300000480e+01 1.923519266419999951e+01
-9.914889186579999603e+01 1.923536388509999995e+01
-9.914883818459999532e+01 1.923552287089999879e+01
-9.914878939940000180e+01 1.923558233429999831e+01
-9.914870709039999497e+01 1.923566497750000082e+01
-9.914861395869999683e+01 1.923566941099999994e+01
-9.914852999379999687e+01 1.923567960300000124e+01
-9.914843697070000417e+01 1.923572021709999902e+01
-9.914838985560000140e+01 1.923577533959999997e+01
-9.914836990889999413e+01 1.923583330920000023e+01
-9.914837098319999598e+01 1.923600168229999952e+01
-9.914829799909999508e+01 1.923616843099999940e+01
-9.914823412719999851e+01 1.923630846220000024e+01
-9.914813770160000672e+01 1.923626419169999835e+01
-9.914809970960000385e+01 1.923624929720000054e+01
-9.914806342740000389e+01 1.923622540139999870e+01
-9.914801609200000598e+01 1.923619477909999986e+01
-9.914798859889999960e+01 1.923616785300000132e+01
-9.914797371759999578e+01 1.923614989249999851e+01
-9.914796301159999814e+01 1.923611692160000075e+01
-9.914795570930000679e+01 1.923606744279999958e+01
-9.914800994479999474e+01 1.923601305280000062e+01
-9.914805709060000538e+01 1.923589798009999896e+01
-9.914811516509999478e+01 1.923572533549999974e+01
-9.914816573960000312e+01 1.923563350270000072e+01
-9.914826445900000351e+01 1.923552783070000061e+01
-9.914834259440000608e+01 1.923543524999999832e+01
-9.914838809089999927e+01 1.923533792779999985e+01
-9.914841978280000490e+01 1.923513121190000064e+01
-9.914840248480000184e+01 1.923497765069999943e+01
-9.914834286880000036e+01 1.923489702910000076e+01
-9.914818180219999988e+01 1.923479383829999989e+01
-9.914810107760000335e+01 1.923472314520000026e+01
-9.914796562099999733e+01 1.923463778400000024e+01
-9.914787673659999712e+01 1.923455725079999823e+01
-9.914774232140000265e+01 1.923454206019999901e+01
-9.914757847139999569e+01 1.923446533619999954e+01
-9.914741495289999307e+01 1.923442084319999879e+01
-9.914688642000000129e+01 1.923437556309999863e+01
-9.914672093830000676e+01 1.923432117249999962e+01
-9.914658718569999962e+01 1.923424763899999945e+01
-9.914644487670000217e+01 1.923421057350000041e+01
-9.914633095540000340e+01 1.923420126299999922e+01
-9.914621097469999711e+01 1.923422540900000044e+01
-9.914609043619999795e+01 1.923421358039999873e+01
-9.914600056080000456e+01 1.923421764709999948e+01
-9.914592245580000451e+01 1.923428214879999842e+01
-9.914587508910000224e+01 1.923431739389999962e+01
-9.914578086849999750e+01 1.923432248450000159e+01
-9.914563674449999553e+01 1.923432241969999978e+01
-9.914555784069999333e+01 1.923437068180000153e+01
-9.914549817699999323e+01 1.923441995809999838e+01
-9.914539822620000109e+01 1.923445620380000065e+01
-9.914533208779999995e+01 1.923443830849999969e+01
-9.914522047760000589e+01 1.923437001770000165e+01
-9.914506196940000393e+01 1.923433780970000129e+01
-9.914491978659999916e+01 1.923434073609999828e+01
-9.914484429210000371e+01 1.923438437569999948e+01
-9.914480435810000358e+01 1.923445188450000032e+01
-9.914478216819999545e+01 1.923448001779999927e+01
-9.914469068399999685e+01 1.923450307890000133e+01
-9.914445253540000635e+01 1.923452485359999997e+01
-9.914483786789999442e+01 1.923519638819999855e+01
-9.914503932319999535e+01 1.923554626150000146e+01
-9.914615541780000285e+01 1.923764855670000173e+01
-9.914616865860000416e+01 1.923767424980000129e+01
-9.914633483859999785e+01 1.923799301600000078e+01
-9.914701589839999940e+01 1.923929940729999899e+01
-9.914716618559999972e+01 1.923959612270000008e+01
-9.914734156350000660e+01 1.923995282939999996e+01
-9.914751983530000246e+01 1.924025920849999949e+01
-9.914736014929999897e+01 1.924036536499999883e+01
-9.914713674950000666e+01 1.924042054679999936e+01
-9.914701762299999643e+01 1.924042934070000044e+01
-9.914689650920000474e+01 1.924040987529999924e+01
-9.914668319839999810e+01 1.924033677599999947e+01
-9.914658333440000604e+01 1.924025558640000000e+01
-9.914642390740000621e+01 1.924006251650000010e+01
-9.914630802359999961e+01 1.923988012939999948e+01
-9.914621643389999406e+01 1.923946246410000072e+01
-9.914612031529999570e+01 1.923932898709999861e+01
-9.914606078360000652e+01 1.923932843700000106e+01
-9.914560477800000626e+01 1.923932508020000043e+01
-9.914534470280000278e+01 1.923938557620000012e+01
-9.914514499130000047e+01 1.923947226559999990e+01
-9.914417721830000119e+01 1.923967015250000046e+01
-9.914401148720000378e+01 1.923968448589999980e+01
-9.914394825559999447e+01 1.924016006220000108e+01
-9.914394430500000510e+01 1.924018975379999929e+01
-9.914397492019999447e+01 1.924080881169999913e+01
-9.914397737189999305e+01 1.924087343889999957e+01
-9.914400604370000281e+01 1.924146318709999903e+01
-9.914403171419999694e+01 1.924170214409999957e+01
-9.914405742309999425e+01 1.924203831390000019e+01
-9.914408073779999597e+01 1.924237975950000035e+01
-9.914409573509999518e+01 1.924255724260000022e+01
-9.914411693050000451e+01 1.924260872340000006e+01
-9.914412903950000100e+01 1.924270232399999969e+01
-9.914416736210000636e+01 1.924299853659999826e+01
-9.914423983730000600e+01 1.924355872050000116e+01
-9.914425139979999813e+01 1.924366074299999951e+01
-9.914425291999999956e+01 1.924400073409999834e+01
-9.914425087360000077e+01 1.924418613610000151e+01
-9.914419183930000656e+01 1.924457980289999881e+01
-9.914425539779999497e+01 1.924474026260000059e+01
-9.914366578679999975e+01 1.924461863399999828e+01
-9.914331539689999317e+01 1.924448120450000133e+01
-9.914233146770000360e+01 1.924415902930000044e+01
-9.914223621879999371e+01 1.924386932870000066e+01
-9.914205960719999666e+01 1.924368209329999857e+01
-9.914200542349999523e+01 1.924364433590000090e+01
-9.914171468729999503e+01 1.924359451269999965e+01
-9.914165612339999711e+01 1.924358121210000050e+01
-9.914170672400000228e+01 1.924365402169999939e+01
-9.914170880759999704e+01 1.924367982580000103e+01
-9.914165311569999517e+01 1.924374775469999932e+01
-9.914162146169999801e+01 1.924375463619999849e+01
-9.914114351150000459e+01 1.924360362210000019e+01
-9.914109573300000022e+01 1.924359242170000073e+01
-9.914104704230000209e+01 1.924358782319999861e+01
-9.914038408380000078e+01 1.924359471789999887e+01
-9.914033152940000093e+01 1.924362789839999976e+01
-9.914028598340000542e+01 1.924367396799999952e+01
-9.914022511989999487e+01 1.924380331729999938e+01
-9.914019032390000064e+01 1.924385130279999956e+01
-9.914000385229999779e+01 1.924419281500000167e+01
-9.913892150430000072e+01 1.924596632949999986e+01
-9.913904138079999484e+01 1.924604283760000101e+01
-9.913927596039999912e+01 1.924623786249999924e+01
-9.913939587779999840e+01 1.924636131800000172e+01
-9.913961032650000504e+01 1.924672293629999942e+01
-9.913973814370000071e+01 1.924694769319999921e+01
-9.913981687529999931e+01 1.924709004199999995e+01
-9.913998900139999648e+01 1.924734935840000105e+01
-9.914022882470000297e+01 1.924758144160000128e+01
-9.914030256869999391e+01 1.924781054480000009e+01
-9.914036375419999558e+01 1.924798133830000069e+01
-9.914051749150000603e+01 1.924805534820000119e+01
-9.914062172549999730e+01 1.924811209900000009e+01
-9.914081199860000027e+01 1.924827009259999855e+01
-9.914095860739999466e+01 1.924834544120000146e+01
-9.914110715879999702e+01 1.924844663569999881e+01
-9.914137816129999692e+01 1.924858479830000135e+01
-9.914156318329999351e+01 1.924869090569999841e+01
-9.914166751330000693e+01 1.924885884720000107e+01
-9.914172562519999587e+01 1.924899520219999971e+01
-9.914169192490000171e+01 1.924908357680000037e+01
-9.914167931640000120e+01 1.924916605680000004e+01
-9.914171127310000031e+01 1.924936430749999872e+01
-9.914171575580000706e+01 1.924943425220000037e+01
-9.914172319870000649e+01 1.924951818450000118e+01
-9.914170848550000414e+01 1.924955177049999833e+01
-9.914170262090000563e+01 1.924959094720000152e+01
-9.914169855629999972e+01 1.924969044599999890e+01
-9.914169109239999500e+01 1.924975109740000079e+01
-9.914163144370000680e+01 1.924985863110000039e+01
-9.914159973069999410e+01 1.924993688809999881e+01
-9.914156459190000703e+01 1.925000006599999836e+01
-9.914148397910000199e+01 1.925013138859999984e+01
-9.914142916679999473e+01 1.925026349950000082e+01
-9.914135328080000420e+01 1.925039407430000082e+01
-9.914130889989999673e+01 1.925047848690000052e+01
-9.914127449030000605e+01 1.925055486089999945e+01
-9.914126310509999485e+01 1.925061276170000113e+01
-9.914125465339999721e+01 1.925064765939999845e+01
-9.914111173290000067e+01 1.925075634990000140e+01
-9.914107399659999942e+01 1.925082827669999830e+01
-9.914103391400000476e+01 1.925086955349999940e+01
-9.914098647010000320e+01 1.925091118470000140e+01
-9.914095155149999528e+01 1.925094739500000074e+01
-9.914091825890000109e+01 1.925095532270000120e+01
-9.914085590470000398e+01 1.925096233849999905e+01
-9.914079897649999396e+01 1.925097712279999840e+01
-9.914077249970000594e+01 1.925104430160000035e+01
-9.914071758629999920e+01 1.925114177669999904e+01
-9.914068975140000362e+01 1.925122124960000036e+01
-9.914065838480000536e+01 1.925122585509999951e+01
-9.914055215649999298e+01 1.925125475249999951e+01
-9.914048394649999807e+01 1.925128505120000000e+01
-9.914050165589999608e+01 1.925135540520000177e+01
-9.914052076110000655e+01 1.925137744850000132e+01
-9.914051463139999498e+01 1.925140256010000073e+01
-9.914048475629999757e+01 1.925145252840000154e+01
-9.914045815990000676e+01 1.925154065519999946e+01
-9.914042168080000295e+01 1.925162646400000099e+01
-9.914033514359999799e+01 1.925178828150000143e+01
-9.914021219990000588e+01 1.925184185150000005e+01
-9.914015617549999604e+01 1.925190102330000030e+01
-9.914015621949999968e+01 1.925194545180000105e+01
-9.914015973809999593e+01 1.925199812460000004e+01
-9.914015769719999582e+01 1.925201767820000143e+01
-9.914014061720000370e+01 1.925209207909999876e+01
-9.914013019310000630e+01 1.925215801359999901e+01
-9.914013297670000213e+01 1.925220735010000084e+01
-9.914014250699999309e+01 1.925225489560000014e+01
-9.914017170079999630e+01 1.925235151029999869e+01
-9.914017661030000284e+01 1.925241163320000126e+01
-9.914019636720000506e+01 1.925246770669999918e+01
-9.914020080740000651e+01 1.925252183030000097e+01
-9.914018967559999851e+01 1.925259344290000030e+01
-9.914014473279999606e+01 1.925275237900000036e+01
-9.914010196200000280e+01 1.925281869470000018e+01
-9.914008422349999705e+01 1.925286252640000129e+01
-9.914002895570000362e+01 1.925294134019999959e+01
-9.913995452380000017e+01 1.925300703890000165e+01
-9.913994405520000441e+01 1.925309293640000163e+01
-9.913987786529999369e+01 1.925324580570000066e+01
-9.913983908379999832e+01 1.925330315860000141e+01
-9.913979822189999425e+01 1.925332435059999980e+01
-9.913975869230000626e+01 1.925332438550000091e+01
-9.913969238510000537e+01 1.925335941219999825e+01
-9.913969245750000425e+01 1.925343427219999981e+01
-9.913967098089999297e+01 1.925356637479999833e+01
-9.913963359829999433e+01 1.925367311879999832e+01
-9.913961169200000256e+01 1.925378675079999979e+01
-9.913957744260000027e+01 1.925391009870000047e+01
-9.913953830580000215e+01 1.925409195450000155e+01
-9.913949394889999667e+01 1.925423270379999963e+01
-9.913947876260000669e+01 1.925434222299999831e+01
-9.913940337920000445e+01 1.925460427670000030e+01
-9.913939466310000626e+01 1.925469328069999975e+01
-9.913945702380000569e+01 1.925493402549999900e+01
-9.913958694670000682e+01 1.925545921999999877e+01
-9.913973306260000129e+01 1.925572362369999979e+01
-9.913981829169999571e+01 1.925589238379999912e+01
-9.913995157909999989e+01 1.925612895929999979e+01
-9.914000902339999755e+01 1.925623198310000106e+01
-9.914004445669999654e+01 1.925628059479999976e+01
-9.914012078189999500e+01 1.925634128969999992e+01
-9.914022169579999400e+01 1.925637867309999862e+01
-9.914039061820000143e+01 1.925644305679999846e+01
-9.914048496329999693e+01 1.925649293180000043e+01
-9.914053637969999500e+01 1.925652568099999939e+01
-9.914058855640000445e+01 1.925657669880000000e+01
-9.914074698650000528e+01 1.925686313819999995e+01
-9.914078154050000080e+01 1.925694301840000122e+01
-9.914080079240000032e+01 1.925699969589999938e+01
-9.914079335089999745e+01 1.925707146939999959e+01
-9.914063774010000429e+01 1.925719820320000153e+01
-9.914045380289999798e+01 1.925730961169999844e+01
-9.914031726160000346e+01 1.925740149980000027e+01
-9.914025029489999952e+01 1.925747556529999827e+01
-9.914020655420000594e+01 1.925756410460000012e+01
-9.914018639280000400e+01 1.925763702069999894e+01
-9.914017431450000117e+01 1.925770225469999986e+01
-9.914016042519999417e+01 1.925777395869999964e+01
-9.914016307560000030e+01 1.925782283010000029e+01
-9.914017288789999327e+01 1.925786241550000000e+01
-9.914020768700000019e+01 1.925792230320000087e+01
-9.914025623460000247e+01 1.925801401109999844e+01
-9.914033273610000663e+01 1.925813409739999926e+01
-9.914045422140000596e+01 1.925828855789999849e+01
-9.914057327179999390e+01 1.925839325320000128e+01
-9.914075425369999550e+01 1.925854258689999909e+01
-9.914085601879999388e+01 1.925867747270000052e+01
-9.914094428999999309e+01 1.925877195940000064e+01
-9.914106002079999769e+01 1.925883381959999952e+01
-9.914118819910000013e+01 1.925890051160000027e+01
-9.914132808399999419e+01 1.925896279179999837e+01
-9.914141906550000272e+01 1.925901498269999834e+01
-9.914150429830000633e+01 1.925908036030000048e+01
-9.914163682010000400e+01 1.925917875489999886e+01
-9.914172100710000279e+01 1.925922379080000013e+01
-9.914178885430000321e+01 1.925929545489999839e+01
-9.914191472989999454e+01 1.925956255039999832e+01
-9.914202230840000141e+01 1.925978468470000138e+01
-9.914209526240000514e+01 1.925985482449999964e+01
-9.914221040089999804e+01 1.925990651809999932e+01
-9.914225887509999779e+01 1.925999208960000075e+01
-9.914236668530000429e+01 1.926023446219999968e+01
-9.914238389950000396e+01 1.926034756379999990e+01
-9.914239884330000052e+01 1.926046939709999961e+01
-9.914239681099999757e+01 1.926061853799999923e+01
-9.914243434269999966e+01 1.926095632999999907e+01
-9.914241311979999693e+01 1.926105513770000144e+01
-9.914235032210000043e+01 1.926120019229999869e+01
-9.914230194499999982e+01 1.926131719520000019e+01
-9.914226641259999440e+01 1.926140009690000099e+01
-9.914221900180000091e+01 1.926150959819999997e+01
-9.914214605050000273e+01 1.926167954719999997e+01
-9.914212687289999337e+01 1.926172401830000069e+01
-9.914211491919999730e+01 1.926177638800000125e+01
-9.914211017930000480e+01 1.926184696360000004e+01
-9.914225386830000275e+01 1.926254695929999983e+01
-9.914228566469999748e+01 1.926302673569999868e+01
-9.914231654920000381e+01 1.926322995660000004e+01
-9.914235752540000135e+01 1.926329255490000136e+01
-9.914239453960000503e+01 1.926335265190000001e+01
-9.914242365309999627e+01 1.926343655350000006e+01
-9.914242999329999861e+01 1.926359683069999917e+01
-9.914243610110000304e+01 1.926376500570000161e+01
-9.914242101799999318e+01 1.926395541930000022e+01
-9.914237405869999975e+01 1.926416025589999848e+01
-9.914240261969999324e+01 1.926423507699999860e+01
-9.914246819359999563e+01 1.926432669660000130e+01
-9.914249892249999618e+01 1.926437694870000072e+01
-9.914245500219999485e+01 1.926489121299999852e+01
-9.914243164559999855e+01 1.926516446950000017e+01
-9.914240313989999720e+01 1.926662489039999926e+01
-9.914248751370000434e+01 1.926669262560000107e+01
-9.914333102380000184e+01 1.926652198029999852e+01
-9.914322337469999979e+01 1.926723222000000035e+01
-9.914344052340000246e+01 1.926725322260000084e+01
-9.914362870349999923e+01 1.926727177509999933e+01
-9.914385465019999799e+01 1.926730653470000121e+01
-9.914412686949999909e+01 1.926734387420000161e+01
-9.914492144039999744e+01 1.926744682509999862e+01
-9.914490973259999862e+01 1.926755953360000007e+01
-9.914481022830000256e+01 1.926787059480000153e+01
-9.914473057749999896e+01 1.926812996250000154e+01
-9.914467997289999346e+01 1.926823160140000013e+01
-9.914455176650000112e+01 1.926846550970000038e+01
-9.914435891850000360e+01 1.926884427939999966e+01
-9.914394620630000077e+01 1.926954053180000059e+01
-9.914376342629999783e+01 1.926951058990000121e+01
-9.914359178670000006e+01 1.926951072539999998e+01
-9.914336773419999815e+01 1.926947050080000068e+01
-9.914316488679999395e+01 1.926979969399999959e+01
-9.914307058159999997e+01 1.927010419499999827e+01
-9.914299977780000006e+01 1.927024524759999835e+01
-9.914289578039999640e+01 1.927037244699999974e+01
-9.914279608920000442e+01 1.927050366630000156e+01
-9.914260993659999599e+01 1.927062417570000008e+01
-9.914251784760000419e+01 1.927067756820000000e+01
-9.914238769450000177e+01 1.927069369679999866e+01
-9.914221080449999590e+01 1.927067026370000136e+01
-9.914213928159999512e+01 1.927069294780000064e+01
-9.914204780789999916e+01 1.927085684920000119e+01
-9.914186863179999420e+01 1.927145573230000153e+01
-9.914175992069999666e+01 1.927189282799999859e+01
-9.914163146949999827e+01 1.927229408110000008e+01
-9.914141573690000087e+01 1.927277774210000061e+01
-9.914118814409999914e+01 1.927353455009999905e+01
-9.914113868249999939e+01 1.927373008529999865e+01
-9.914208792259999825e+01 1.927394463639999955e+01
-9.914200168600000040e+01 1.927467571869999929e+01
-9.914197667979999551e+01 1.927479760800000008e+01
-9.914191378140000666e+01 1.927511942519999977e+01
-9.914177252960000430e+01 1.927568694480000033e+01
-9.914173045340000101e+01 1.927661697839999988e+01
-9.914164374540000324e+01 1.927709735010000003e+01
-9.914155784829999618e+01 1.927754396879999987e+01
-9.914153836020000199e+01 1.927795832789999864e+01
-9.914150178049999340e+01 1.927838815309999987e+01
-9.914143236510000179e+01 1.927885807130000018e+01
-9.914145191699999771e+01 1.927906710770000132e+01
-9.914146014419999631e+01 1.927915507149999996e+01
-9.914134756619999678e+01 1.928006948430000023e+01
-9.914119480079999391e+01 1.928107403679999976e+01
-9.914119567070000016e+01 1.928119039890000153e+01
-9.914107988169999430e+01 1.928229272080000101e+01
-9.914105595409999694e+01 1.928252859339999858e+01
-9.914089856649999888e+01 1.928249892110000019e+01
-9.914023291590000042e+01 1.928238518739999918e+01
-9.913969116319999841e+01 1.928231614199999910e+01
-9.913926742920000379e+01 1.928226543959999972e+01
-9.913890419999999892e+01 1.928224322109999989e+01
-9.913855323849999479e+01 1.928222835020000048e+01
-9.913788542880000421e+01 1.928220645620000084e+01
-9.913745884659999774e+01 1.928221063220000175e+01
-9.913699229789999379e+01 1.928223490450000099e+01
-9.913647242880000476e+01 1.928227629399999898e+01
-9.913592874920000497e+01 1.928233524939999910e+01
-9.913510705119999500e+01 1.928246143630000020e+01
-9.913401340999999434e+01 1.928270094579999849e+01
-9.913248429040000076e+01 1.928313106070000060e+01
-9.913199442769999337e+01 1.928326679950000155e+01
-9.913141631850000124e+01 1.928342698970000058e+01
-9.913083196809999720e+01 1.928359114270000063e+01
-9.913037290059999407e+01 1.928372003919999855e+01
-9.912952192550000063e+01 1.928395887279999954e+01
-9.912913428449999742e+01 1.928406766639999859e+01
-9.912828975280000066e+01 1.928430578849999932e+01
-9.912758457489999842e+01 1.928450147039999862e+01
-9.912573747410000635e+01 1.928501862010000067e+01
-9.912544229089999703e+01 1.928510319709999976e+01
-9.912520047019999936e+01 1.928516758350000160e+01
-9.912499901859999341e+01 1.928522075840000127e+01
-9.912492521519999400e+01 1.928524117619999956e+01
-9.912433759910000219e+01 1.928543102480000115e+01
-9.912391017689999728e+01 1.928556911669999963e+01
-9.912222210980000625e+01 1.928628653839999885e+01
-9.912164613340000585e+01 1.928653161360000112e+01
-9.911793224000000180e+01 1.928811787980000148e+01
-9.911571362050000289e+01 1.928906065709999851e+01
-9.911490691310000045e+01 1.928940419430000119e+01
-9.911453313239999829e+01 1.928956370139999876e+01
-9.911284056069999338e+01 1.929028597499999975e+01
-9.911160556459999782e+01 1.929080748799999867e+01
-9.911036157540000602e+01 1.929134161369999845e+01
-9.911029273459999445e+01 1.929136969409999836e+01
-9.910929400000000555e+01 1.929178654809999927e+01
-9.910813710940000476e+01 1.929228113899999997e+01
-9.910617744740000035e+01 1.929309798859999958e+01
-9.910573239330000206e+01 1.929326081159999973e+01
-9.910568395960000032e+01 1.929327960270000020e+01
-9.910502204440000185e+01 1.929351713209999986e+01
-9.910462020709999820e+01 1.929370237610000061e+01
-9.910444571639999367e+01 1.929378493899999825e+01
-9.910396429559999376e+01 1.929401272590000005e+01
-9.910375855789999378e+01 1.929411007090000041e+01
-9.910289245020000237e+01 1.929450555700000081e+01
-9.910274430920000555e+01 1.929457186699999838e+01
-9.910136374169999840e+01 1.929520005859999898e+01
-9.910122254469999348e+01 1.929662771570000146e+01
-9.910092916680000030e+01 1.930002105000000157e+01
-9.910079337259999477e+01 1.930125347010000070e+01
-9.910064657469999361e+01 1.930271381429999877e+01
-9.910049709449999966e+01 1.930445693440000099e+01
-9.910032996660000038e+01 1.930646672829999844e+01
-9.910032167100000322e+01 1.930658796279999834e+01
-9.910031297769999981e+01 1.930671501209999974e+01
-9.910023256540000602e+01 1.930776544749999957e+01
-9.910006919510000500e+01 1.930989955409999936e+01
-9.909987890719999371e+01 1.931296940949999907e+01
-9.909966508940000551e+01 1.931550393950000100e+01
-9.909959407259999864e+01 1.931634648010000177e+01
-9.909935029909999571e+01 1.931927325590000066e+01
-9.909929451889999541e+01 1.932044953739999826e+01
-9.909907626349999532e+01 1.932044148969999853e+01
-9.909880066290000400e+01 1.932044815960000150e+01
-9.909869648839999456e+01 1.931964141839999982e+01
-9.909848874879999414e+01 1.931903807300000153e+01
-9.909864534849999984e+01 1.931895754510000174e+01
-9.909870973460000698e+01 1.931879491649999991e+01
-9.909868548449999537e+01 1.931867441980000066e+01
-9.909864655069999628e+01 1.931859020219999934e+01
-9.909844261480000682e+01 1.931827266939999888e+01
-9.909823803199999759e+01 1.931795973510000053e+01
-9.909771010519999379e+01 1.931717296980000143e+01
-9.909744041899999445e+01 1.931682643859999970e+01
-9.909675685720000615e+01 1.931598844599999865e+01
-9.909585052520000659e+01 1.931481501829999914e+01
-9.909496497230000500e+01 1.931369131909999837e+01
-9.909426539400000422e+01 1.931277152370000039e+01
-9.909408895699999675e+01 1.931286825129999940e+01
-9.909393523449999464e+01 1.931266821119999832e+01
-9.909357297779999385e+01 1.931220445800000007e+01
-9.909322360839999533e+01 1.931175719899999876e+01
-9.909318290570000443e+01 1.931170221900000072e+01
-9.909283430489999489e+01 1.931126284329999976e+01
-9.909272790670000575e+01 1.931112278899999879e+01
-9.909261903549999317e+01 1.931098848030000070e+01
-9.909234896079999544e+01 1.931067981380000020e+01
-9.909224987769999871e+01 1.931058462640000073e+01
-9.909192696019999858e+01 1.931021148159999967e+01
-9.909179382400000691e+01 1.931005212000000171e+01
-9.909173562850000394e+01 1.930998657700000010e+01
-9.909141930280000565e+01 1.930956714579999911e+01
-9.909081430409999314e+01 1.930877060050000082e+01
-9.909053497050000203e+01 1.930844396779999883e+01
-9.909036484760000008e+01 1.930822658749999832e+01
-9.909029243259999475e+01 1.930812948899999881e+01
-9.908987707139999657e+01 1.930772766140000130e+01
-9.908977171969999631e+01 1.930762781330000166e+01
-9.908960130970000080e+01 1.930739860890000159e+01
-9.908948686909999992e+01 1.930714096599999863e+01
-9.908923255979999567e+01 1.930685758539999952e+01
-9.908902095809999366e+01 1.930656365729999990e+01
-9.908861520749999841e+01 1.930615286979999823e+01
-9.908844343139999467e+01 1.930595509950000022e+01
-9.908839044110000316e+01 1.930590487670000144e+01
-9.908814476979999597e+01 1.930557300630000128e+01
-9.908793554289999861e+01 1.930532485919999885e+01
-9.908765887250000048e+01 1.930468186559999921e+01
-9.908746557999999993e+01 1.930448368489999922e+01
-9.908719836800000280e+01 1.930416564769999965e+01
-9.908718537999999398e+01 1.930414966520000064e+01
-9.908671830400000147e+01 1.930379538260000061e+01
-9.908629183659999740e+01 1.930360423699999828e+01
-9.908615792819999513e+01 1.930350443569999896e+01
-9.908587527390000105e+01 1.930319084799999985e+01
-9.908562476340000558e+01 1.930288873670000172e+01
-9.908538376600000674e+01 1.930259132349999973e+01
-9.908513336119999337e+01 1.930226975489999930e+01
-9.908485677769999711e+01 1.930198097490000109e+01
-9.908458519209999338e+01 1.930166291269999945e+01
-9.908435816269999918e+01 1.930136699919999899e+01
-9.908411273199999414e+01 1.930103997020000151e+01
-9.908384431560000394e+01 1.930072385649999944e+01
-9.908359064549999573e+01 1.930040955380000156e+01
-9.908337204129999520e+01 1.930007887680000067e+01
-9.908316821939999386e+01 1.929965232569999856e+01
-9.908231808079999325e+01 1.929858319799999933e+01
-9.908037112120000245e+01 1.929623718970000112e+01
-9.907997128709999402e+01 1.929576780629999888e+01
-9.907969400720000408e+01 1.929545384209999881e+01
-9.907920639050000489e+01 1.929486813640000165e+01
-9.907897064390000708e+01 1.929458850929999869e+01
-9.907865930949999722e+01 1.929421313920000003e+01
-9.907802295209999954e+01 1.929347401569999931e+01
-9.907771971779999376e+01 1.929322797069999851e+01
-9.907731528489999562e+01 1.929296290850000162e+01
-9.907722570340000345e+01 1.929284869549999826e+01
-9.907590999129999432e+01 1.929098617380000036e+01
-9.907524587950000239e+01 1.929007927800000033e+01
-9.907494111299999417e+01 1.928969814610000100e+01
-9.907448726239999814e+01 1.928937182310000154e+01
-9.907407406750000689e+01 1.928909898150000046e+01
-9.907235647349999397e+01 1.928794817420000030e+01
-9.907218520160000708e+01 1.928781826239999830e+01
-9.907137580420000234e+01 1.928707009840000097e+01
-9.906987992999999904e+01 1.928573474199999893e+01
-9.906915292540000451e+01 1.928508573639999923e+01
-9.906896675049999601e+01 1.928495584379999883e+01
-9.906831062279999855e+01 1.928443926519999962e+01
-9.906464511769999604e+01 1.928211381079999853e+01
-9.906437018750000334e+01 1.928199276750000024e+01
-9.905967262599999401e+01 1.928028495799999931e+01
-9.905857541679999656e+01 1.927990962670000030e+01
-9.905760033910000573e+01 1.927962888149999898e+01
-9.905676295269999798e+01 1.927950035610000157e+01
-9.905607266910000419e+01 1.927945638079999924e+01
-9.905515967370000396e+01 1.927945881329999978e+01
-9.905478907890000073e+01 1.927942676589999849e+01
-9.905449831839999320e+01 1.927936715539999923e+01
-9.905387087450000649e+01 1.927908576129999929e+01
-9.905237160119999373e+01 1.927848199070000135e+01
-9.905056726249999599e+01 1.927750348300000027e+01
-9.904828697589999820e+01 1.927597823780000041e+01
-9.904732228439999631e+01 1.927559859850000024e+01
-9.904510004780000543e+01 1.927486411230000130e+01
-9.904145143489999725e+01 1.927378050449999947e+01
-9.904043121380000514e+01 1.927325398920000055e+01
-9.904022734389999982e+01 1.927305680970000168e+01
-9.903952766630000326e+01 1.927265037569999961e+01
-9.903858946690000664e+01 1.927213224979999850e+01
-9.903837167240000383e+01 1.927203641790000077e+01
-9.903749198650000096e+01 1.927176168369999942e+01
-9.903731944550000321e+01 1.927170573209999915e+01
-9.903646390919999476e+01 1.927097683470000078e+01
-9.903594369990000246e+01 1.927063660159999969e+01
-9.903567151869999918e+01 1.927026343349999848e+01
-9.903464395449999813e+01 1.926874516979999896e+01
-9.903373385209999924e+01 1.926770381609999916e+01
-9.903302189180000425e+01 1.926711690870000027e+01
-9.903267090239999959e+01 1.926669220209999978e+01
-9.903106592739999314e+01 1.926493253359999969e+01
-9.903084594109999728e+01 1.926463728430000089e+01
-9.903053587629999299e+01 1.926416845480000006e+01
-9.903046808380000243e+01 1.926325102790000088e+01
-9.903043045239999742e+01 1.926314399159999979e+01
-9.903028093540000043e+01 1.926294116940000123e+01
-9.902982032159999903e+01 1.926259554530000173e+01
-9.902956584749999536e+01 1.926248441450000115e+01
-9.902930075279999755e+01 1.926237463100000014e+01
-9.902789589569999862e+01 1.926222227219999894e+01
-9.902720055960000423e+01 1.926183699570000130e+01
-9.902711930099999904e+01 1.926193845110000069e+01
-9.902685950119999347e+01 1.926176076280000160e+01
-9.902647248110000078e+01 1.926176881789999840e+01
-9.902603977329999907e+01 1.926194364170000028e+01
-9.902584222689999649e+01 1.926220518899999945e+01
-9.902538860600000703e+01 1.926208477739999836e+01
-9.902508207430000198e+01 1.926200984760000168e+01
-9.902482033190000266e+01 1.926193193010000115e+01
-9.902435060409999323e+01 1.926182099140000048e+01
-9.902405724790000363e+01 1.926175717969999823e+01
-9.902401663419999522e+01 1.926174722300000042e+01
-9.902290095639999379e+01 1.926146089610000089e+01
-9.902253552989999719e+01 1.926137239370000032e+01
-9.902201159300000199e+01 1.926123900909999875e+01
-9.902175453399999583e+01 1.926117383589999932e+01
-9.902151164490000212e+01 1.926111574869999998e+01
-9.902130019380000192e+01 1.926106939010000119e+01
-9.902109502449999923e+01 1.926103052119999859e+01
-9.902103229470000656e+01 1.926101731409999829e+01
-9.902075239600000600e+01 1.926095713020000133e+01
-9.902051821179999536e+01 1.926093459539999841e+01
-9.902032634370000608e+01 1.926091949379999946e+01
-9.902005778909999378e+01 1.926096410530000114e+01
-9.901982535800000562e+01 1.926102917709999929e+01
-9.901974259070000528e+01 1.926115073429999924e+01
-9.901930434659999491e+01 1.926097597169999887e+01
-9.901907428149999646e+01 1.926089514239999900e+01
-9.901899176480000619e+01 1.926086449510000165e+01
-9.901890778349999778e+01 1.926083254939999989e+01
-9.901867409269999598e+01 1.926074365679999900e+01
-9.901794462770000393e+01 1.926045868219999946e+01
-9.901757122419999746e+01 1.926032197259999990e+01
-9.901742204580000362e+01 1.926026983499999901e+01
-9.901727229399999430e+01 1.926022136079999925e+01
-9.901656857359999719e+01 1.925998003049999951e+01
-9.901651512179999770e+01 1.925995544479999921e+01
-9.901638881469999376e+01 1.925989429199999847e+01
-9.901615405789999613e+01 1.925975052440000113e+01
-9.901608247090000248e+01 1.925967919980000076e+01
-9.901595541529999878e+01 1.925955260929999824e+01
-9.901556034710000631e+01 1.925933848069999854e+01
-9.901486105610000266e+01 1.925899386520000078e+01
-9.901444296440000414e+01 1.925881055090000160e+01
-9.901418953639999643e+01 1.925870948820000095e+01
-9.901391675509999857e+01 1.925857917909999983e+01
-9.901372239209999293e+01 1.925849674099999831e+01
-9.901344338769999354e+01 1.925837370030000173e+01
-9.901321717199999739e+01 1.925823593380000176e+01
-9.901296476349999409e+01 1.925805507649999981e+01
-9.901283405110000047e+01 1.925794708629999974e+01
-9.901267753950000383e+01 1.925778718850000004e+01
-9.901252521799999329e+01 1.925763199700000072e+01
-9.901218503059999421e+01 1.925722780059999906e+01
-9.901198541559999455e+01 1.925696153550000034e+01
-9.901185047699999586e+01 1.925677514950000102e+01
-9.901177172670000459e+01 1.925666011870000105e+01
-9.901182900540000276e+01 1.925624462609999910e+01
-9.901169831929999532e+01 1.925601112589999886e+01
-9.901132425590000707e+01 1.925564779080000122e+01
-9.901128765410000199e+01 1.925572909590000137e+01
-9.901102980490000505e+01 1.925560450809999935e+01
-9.901082527030000335e+01 1.925546649709999869e+01
-9.901069338429999789e+01 1.925534166899999988e+01
-9.900985795969999970e+01 1.925453308610000036e+01
-9.900981230649999532e+01 1.925448823540000021e+01
-9.900924079790000576e+01 1.925392676579999929e+01
-9.900858116489999361e+01 1.925319546160000073e+01
-9.900834484589999818e+01 1.925294482179999989e+01
-9.900813050029999829e+01 1.925271789549999824e+01
-9.900776656150000576e+01 1.925231543559999992e+01
-9.900761873000000435e+01 1.925216929750000006e+01
-9.900704477210000221e+01 1.925160587599999928e+01
-9.900728356339999436e+01 1.925117743239999868e+01
-9.900750555390000329e+01 1.925077913129999985e+01
-9.900768954219999785e+01 1.925102392109999982e+01
-9.900794692540000597e+01 1.925054603690000121e+01
-9.900826499149999904e+01 1.925072799850000038e+01
-9.900843868350000321e+01 1.925069382939999940e+01
-9.900865255189999914e+01 1.925076767619999885e+01
-9.900882196480000630e+01 1.925067862770000104e+01
-9.900888291290000609e+01 1.925067509220000161e+01
-9.900906525499999589e+01 1.925029697989999988e+01
-9.900920889709999528e+01 1.924999503089999919e+01
-9.900935216759999946e+01 1.924969451509999985e+01
-9.900950205930000436e+01 1.924938067789999963e+01
-9.900950509390000320e+01 1.924937163710000121e+01
-9.900950835529999949e+01 1.924936190860000096e+01
-9.900960047690000465e+01 1.924907087769999947e+01
-9.900971472439999843e+01 1.924872971770000163e+01
-9.900977045240000507e+01 1.924848300869999917e+01
-9.900980425000000196e+01 1.924826455899999900e+01
-9.901013745119999498e+01 1.924766600010000062e+01
-9.901035198620000699e+01 1.924732083549999828e+01
-9.901045937989999857e+01 1.924714296679999848e+01
-9.901051080119999881e+01 1.924707246970000085e+01
-9.901062606050000170e+01 1.924700307879999883e+01
-9.901082138600000349e+01 1.924700554169999833e+01
-9.901107241350000265e+01 1.924672205010000070e+01
-9.901112276679999979e+01 1.924652832920000023e+01
-9.901114542089999304e+01 1.924620416289999980e+01
-9.901113196139999673e+01 1.924613143170000029e+01
-9.901119138769999495e+01 1.924605278559999988e+01
-9.901229602360000115e+01 1.924651387970000016e+01
-9.901238508000000138e+01 1.924635683320000012e+01
-9.901239694529999724e+01 1.924612289439999913e+01
-9.901246805040000254e+01 1.924593167209999933e+01
-9.901270941660000346e+01 1.924514252279999837e+01
-9.901247532300000387e+01 1.924501429540000075e+01
-9.901256527779999317e+01 1.924473403929999904e+01
-9.901282745150000153e+01 1.924480718759999931e+01
-9.901391692539999667e+01 1.924511115119999971e+01
-9.901395755560000111e+01 1.924491834190000006e+01
-9.901397182540000586e+01 1.924485062700000171e+01
-9.901399548230000391e+01 1.924468032900000125e+01
-9.901402219569999374e+01 1.924455622729999860e+01
-9.901407339610000236e+01 1.924435283469999902e+01
-9.901411285519999694e+01 1.924423531360000084e+01
-9.901414806420000048e+01 1.924410258170000176e+01
-9.901417441659999952e+01 1.924400363739999875e+01
-9.901430315940000071e+01 1.924363665890000163e+01
-9.901463917110000068e+01 1.924292146259999825e+01
-9.901484957949999455e+01 1.924260633449999958e+01
-9.901493485020000662e+01 1.924245963879999977e+01
-9.901495463739999536e+01 1.924225483260000047e+01
-9.901498266020000472e+01 1.924209829839999841e+01
-9.901506356039999446e+01 1.924185716819999925e+01
-9.901528217800000675e+01 1.924137346459999875e+01
-9.901541478910000649e+01 1.924098946020000156e+01
-9.901548982629999784e+01 1.924085698129999855e+01
-9.901555814719999660e+01 1.924079245700000129e+01
-9.901561736360000054e+01 1.924073962230000134e+01
-9.901574257999999418e+01 1.924054807150000102e+01
-9.901668704840000146e+01 1.923958699319999965e+01
-9.901773492719999581e+01 1.923854086429999910e+01
-9.901786106369999629e+01 1.923822860190000128e+01
-9.901820402110000430e+01 1.923767634260000037e+01
-9.902790482429999486e+01 1.922632930429999831e+01
-9.903019303870000556e+01 1.922363284129999883e+01
-9.903287417960000028e+01 1.922307715259999839e+01
-9.903406104290000656e+01 1.922283114900000101e+01
-9.903520876659999317e+01 1.922259324799999902e+01
-9.903578640800000699e+01 1.922247351000000037e+01
-9.903628364349999913e+01 1.922237043790000044e+01
-9.903641891399999508e+01 1.922234239699999847e+01
-9.903673163269999691e+01 1.922227757190000119e+01
-9.903693965770000318e+01 1.922223439820000124e+01
-9.903759659950000582e+01 1.922209805310000164e+01
-9.903804014579999659e+01 1.922200599580000002e+01
-9.904010530940000478e+01 1.922157735400000078e+01
-9.904112473889999535e+01 1.922136575240000056e+01
-9.904178646159999744e+01 1.922122839509999892e+01
-9.904216882270000610e+01 1.922114902450000073e+01
-9.904246805690000599e+01 1.922108690880000026e+01
-9.904278535970000519e+01 1.922102108309999835e+01
-9.904302260369999544e+01 1.922097186519999923e+01
-9.904543820840000024e+01 1.922047071069999902e+01
-9.904664400810000302e+01 1.922022053210000081e+01
-9.904786719960000596e+01 1.921996676670000070e+01
-9.904826554289999763e+01 1.921988412299999993e+01
-9.904914367320000679e+01 1.921970193550000161e+01
-9.905235469010000315e+01 1.921903569119999844e+01
-9.905309760709999978e+01 1.921888153160000101e+01
-9.905383919829999684e+01 1.921872764520000132e+01
-9.905598373910000021e+01 1.921828261179999942e+01
-9.905635317799999484e+01 1.921820611760000119e+01
-9.905671625930000346e+01 1.921813093820000162e+01
-9.905816331040000478e+01 1.921783130400000061e+01
-9.905918937980000294e+01 1.921761883130000115e+01
-9.906015720300000282e+01 1.921741841289999897e+01
-9.906054340689999549e+01 1.921733843550000032e+01
-9.906320780459999753e+01 1.921678664639999923e+01
-9.906433019790000571e+01 1.921655376069999832e+01
-9.906580381519999889e+01 1.921624798479999896e+01
-9.906630867009999974e+01 1.921614322399999963e+01
-9.906732545980000282e+01 1.921593222699999970e+01
-9.906777179339999861e+01 1.921583960519999934e+01
-9.906907148599999857e+01 1.921556988720000092e+01
-9.907106430199999636e+01 1.921515630620000081e+01
-9.907230719060000013e+01 1.921489834790000018e+01
-9.907358663509999985e+01 1.921463279039999961e+01
-9.907579023360000292e+01 1.921417539080000125e+01
-9.907675355659999639e+01 1.921397542380000090e+01
-9.907772102670000436e+01 1.921377458890000156e+01
-9.907781997680000075e+01 1.921375404810000020e+01
-9.907812795639999592e+01 1.921369011330000021e+01
-9.907853376580000315e+01 1.921360586959999850e+01
-9.907870405090000077e+01 1.921357051829999918e+01
-9.907883446440000341e+01 1.921354344499999911e+01
-9.907937192289999473e+01 1.921343186769999889e+01
-9.908005874149999670e+01 1.921328928009999970e+01
-9.908035563660000378e+01 1.921322764230000146e+01
-9.908089569729999369e+01 1.921311551930000050e+01
-9.908135180610000248e+01 1.921301981279999893e+01
-9.908196607680000056e+01 1.921289091639999924e+01
-9.908250903830000311e+01 1.921277698020000102e+01
-9.908305106340000634e+01 1.921266330950000167e+01
-9.908377009000000157e+01 1.921251586099999997e+01
-9.908440964320000433e+01 1.921238470640000173e+01
-9.908631318679999822e+01 1.921199432559999920e+01
-9.908822805009999968e+01 1.921160159749999963e+01
-9.908850425849999510e+01 1.921154494620000008e+01
-9.908903255079999894e+01 1.921143659110000002e+01
-9.909069479650000289e+01 1.921109564209999832e+01
-9.909087288169999397e+01 1.921104823150000129e+01
-9.909096537039999930e+01 1.921101938600000025e+01
-9.909171704560000649e+01 1.921092009810000079e+01
-9.909239172149999320e+01 1.921089250900000067e+01
-9.909292935339999531e+01 1.921091877370000134e+01
-9.909318091839999454e+01 1.921092993190000087e+01
-9.909338892549999400e+01 1.921096448830000014e+01
-9.909354215070000294e+01 1.921100870089999901e+01
-9.909368524559999969e+01 1.921107891509999988e+01
-9.909400931189999540e+01 1.921130837500000155e+01
-9.909420431739999913e+01 1.921147402949999972e+01
-9.909429508099999850e+01 1.921152442980000075e+01
-9.909439634989999490e+01 1.921155320469999950e+01
-9.909448494619999792e+01 1.921155315889999926e+01
-9.909456087700000637e+01 1.921153870530000063e+01
-9.909465450929999975e+01 1.921149301579999857e+01
-9.909474307130000170e+01 1.921143291270000120e+01
-9.909483415900000125e+01 1.921136079969999955e+01
-9.909489992759999666e+01 1.921128332709999853e+01
-9.909494545559999779e+01 1.921122084559999976e+01
-9.909497579070000484e+01 1.921115116449999860e+01
-9.909499599789999991e+01 1.921107428279999851e+01
-9.909506453839999551e+01 1.921007899019999954e+01
-9.909507623419999334e+01 1.920974136959999967e+01
-9.909509892840000589e+01 1.920959001670000177e+01
-9.909515959159999454e+01 1.920943864439999871e+01
-9.909525314619999392e+01 1.920925903650000066e+01
-9.909555505630000027e+01 1.920880316010000044e+01
-9.909561152160000574e+01 1.920871789930000162e+01
-9.909568703099999709e+01 1.920862794330000156e+01
-9.909577444990000572e+01 1.920857836140000074e+01
-9.909585611369999469e+01 1.920855592190000038e+01
-9.909597409239999877e+01 1.920855413749999840e+01
-9.909612293979999720e+01 1.920857301119999860e+01
-9.909627318440000465e+01 1.920859877339999855e+01
-9.909643277070000522e+01 1.920862669110000098e+01
-9.909655073689999938e+01 1.920865207490000159e+01
-9.909667973790000417e+01 1.920866482890000171e+01
-9.909677735159999656e+01 1.920866443510000110e+01
-9.909687310420000017e+01 1.920865386410000042e+01
-9.909699592319999795e+01 1.920863075780000173e+01
-9.909713866410000094e+01 1.920859272470000079e+01
-9.909794431160000272e+01 1.920832997329999969e+01
-9.909813738389999571e+01 1.920827238329999886e+01
-9.909826903530000664e+01 1.920823819820000011e+01
-9.909835061210000617e+01 1.920822666709999993e+01
-9.909841049850000161e+01 1.920822094289999882e+01
-9.909848845019999430e+01 1.920821520089999979e+01
-9.909881945550000637e+01 1.920821501669999876e+01
-9.909889554369999587e+01 1.920821138120000171e+01
-9.909894507990000534e+01 1.920820939249999881e+01
-9.909903737909999677e+01 1.920819656870000003e+01
-9.909910995020000257e+01 1.920818281569999897e+01
-9.909916320809999490e+01 1.920816431480000119e+01
-9.909921249820000355e+01 1.920814728230000057e+01
-9.909926941969999348e+01 1.920810514820000137e+01
-9.909930586180000489e+01 1.920806941800000089e+01
-9.909936913510000522e+01 1.920799083960000075e+01
-9.909983066949999397e+01 1.920749559500000103e+01
-9.909992053589999728e+01 1.920738563029999924e+01
-9.909997601169999371e+01 1.920726704690000020e+01
-9.910001297019999811e+01 1.920714400549999823e+01
-9.910002610239999399e+01 1.920699335930000018e+01
-9.910004476049999766e+01 1.920651955199999961e+01
-9.910005792239999778e+01 1.920641409750000150e+01
-9.910008431580000376e+01 1.920632118929999876e+01
-9.910012394630000188e+01 1.920624584919999833e+01
-9.910018209349999552e+01 1.920617049879999882e+01
-9.910025612210000645e+01 1.920611522420000128e+01
-9.910037512399999571e+01 1.920607247779999938e+01
-9.910060633540000197e+01 1.920599802830000158e+01
-9.910069888610000532e+01 1.920595529619999908e+01
-9.910080200790000049e+01 1.920589498409999862e+01
-9.910088612289999332e+01 1.920582464030000125e+01
-9.910098441110000067e+01 1.920572164880000088e+01
-9.910100228129999778e+01 1.920570079350000015e+01
-9.910159001639999587e+01 1.920501485770000016e+01
-9.910169309740000188e+01 1.920489177869999864e+01
-9.910174594759999422e+01 1.920480889910000144e+01
-9.910178042299999390e+01 1.920471918999999872e+01
-9.910181474959999548e+01 1.920462163599999883e+01
-9.910185430689999464e+01 1.920443042599999828e+01
-9.910187084979999383e+01 1.920420083979999859e+01
-9.910189971699999489e+01 1.920382341730000064e+01
-9.910193319280000424e+01 1.920343424880000072e+01
-9.910196359740000105e+01 1.920264608689999974e+01
-9.910202243220000184e+01 1.920228052050000045e+01
-9.910207006500000659e+01 1.920184640289999933e+01
-9.910208645529999671e+01 1.920157231589999824e+01
-9.910211758050000697e+01 1.920105179089999936e+01
-9.910217034199999375e+01 1.920082797339999914e+01
-9.910224694330000261e+01 1.920066197230000071e+01
-9.910227310850000038e+01 1.920062822690000104e+01
-9.910239985139999419e+01 1.920046476010000092e+01
-9.910262924910000493e+01 1.920031111400000157e+01
-9.910311388040000224e+01 1.920001829810000160e+01
-9.910326792620000447e+01 1.919992619849999826e+01
-9.910408061949999592e+01 1.919943637800000147e+01
-9.910412334010000279e+01 1.919941065509999945e+01
-9.910419635440000263e+01 1.919936718780000007e+01
-9.910472557469999799e+01 1.919904636989999958e+01
-9.910479969479999340e+01 1.919896422229999899e+01
-9.910484422819999395e+01 1.919886610680000061e+01
-9.910485096269999872e+01 1.919876629150000014e+01
-9.910482430490000638e+01 1.919865616019999877e+01
-9.910477892010000289e+01 1.919856092310000051e+01
-9.910472546009999917e+01 1.919849334839999955e+01
-9.910460886730000141e+01 1.919842580830000145e+01
-9.910463148019999835e+01 1.919838201720000015e+01
-9.910463722619999771e+01 1.919833679999999987e+01
-9.910465836189999322e+01 1.919827928619999824e+01
-9.910469783489999429e+01 1.919820551729999991e+01
-9.910518183150000482e+01 1.919827307039999909e+01
-9.910527768420000427e+01 1.919805800889999858e+01
-9.910573639400000445e+01 1.919734071070000070e+01
-9.911027634680000631e+01 1.918904448480000013e+01
-9.911148409759999822e+01 1.918683414150000033e+01
-9.911166244970000605e+01 1.918651329829999952e+01
-9.911233063289999734e+01 1.918529547380000011e+01
-9.911266061679999950e+01 1.918469265650000111e+01
-9.911341835240000364e+01 1.918330228900000023e+01
-9.911865413719999651e+01 1.917374266059999854e+01
-9.911913013470000067e+01 1.917287294719999835e+01
-9.913024431549999349e+01 1.915254416810000038e+01
-9.913105073260000211e+01 1.915266867849999954e+01
-9.913140332659999387e+01 1.915265347100000071e+01
-9.913165816049999535e+01 1.915263450189999972e+01
-9.913214156899999807e+01 1.915292139660000004e+01
-9.913250884309999833e+01 1.915302635189999947e+01
-9.913258163000000422e+01 1.915312114399999999e+01
-9.913260026339999342e+01 1.915321966739999837e+01
-9.913261153860000263e+01 1.915338162340000139e+01
-9.913246784730000627e+01 1.915398963850000058e+01
-9.913255504970000231e+01 1.915429835629999999e+01
-9.913279535259999875e+01 1.915488078279999939e+01
-9.913283661159999838e+01 1.915582500900000085e+01
-9.913279528859999346e+01 1.915662368590000142e+01
-9.913289482439999745e+01 1.915772752710000049e+01
-9.913282471429999987e+01 1.915858367470000090e+01
-9.913272498530000121e+01 1.915933866430000165e+01
-9.913269489629999498e+01 1.916013443439999975e+01
-9.913252328609999608e+01 1.916084802840000023e+01
-9.913239866230000530e+01 1.916128376099999997e+01
-9.913224864020000382e+01 1.916160907289999926e+01
-9.913197635410000430e+01 1.916212662290000068e+01
-9.913181465350000110e+01 1.916260893669999987e+01
-9.913165033759999289e+01 1.916318554860000134e+01
-9.913106844450000210e+01 1.916405549730000146e+01
-9.913064142689999869e+01 1.916490040709999931e+01
-9.913047101719999432e+01 1.916540888769999995e+01
-9.913031476780000162e+01 1.916590606209999947e+01
-9.913021752710000101e+01 1.916657942450000007e+01
-9.913020227689999331e+01 1.916726402640000160e+01
-9.913017421039999988e+01 1.916822047180000155e+01
-9.913031347400000470e+01 1.916885906670000139e+01
-9.913052082890000349e+01 1.917040212959999934e+01
-9.913051453660000334e+01 1.917057276070000071e+01
-9.913047793379999462e+01 1.917072152740000135e+01
-9.913051966320000474e+01 1.917083772659999852e+01
-9.913053300869999873e+01 1.917104751260000128e+01
-9.913054318279999677e+01 1.917139363880000147e+01
-9.913050888889999612e+01 1.917164395040000002e+01
-9.913047740620000070e+01 1.917180073780000171e+01
-9.913046184339999911e+01 1.917185528439999942e+01
-9.913040969109999878e+01 1.917190981010000073e+01
-9.913034192870000538e+01 1.917195942329999880e+01
-9.913024435389999667e+01 1.917200809190000044e+01
-9.913007147529999941e+01 1.917208355040000001e+01
-9.912999715930000377e+01 1.917213749960000158e+01
-9.912996277940000311e+01 1.917219584369999907e+01
-9.912995055669999545e+01 1.917224601019999852e+01
-9.912994940069999927e+01 1.917236027890000116e+01
-9.913003387130000021e+01 1.917244638129999856e+01
-9.913007300670000177e+01 1.917251500880000137e+01
-9.913019672679999417e+01 1.917267071550000068e+01
-9.913046888290000425e+01 1.917297101910000023e+01
-9.913079499100000191e+01 1.917342040260000147e+01
-9.913091193120000355e+01 1.917360332879999874e+01
-9.913110634890000483e+01 1.917384264189999854e+01
-9.913138278799999625e+01 1.917403752759999946e+01
-9.913156717910000282e+01 1.917429302240000055e+01
-9.913175157380000257e+01 1.917454851429999962e+01
-9.913195018300000072e+01 1.917486453989999973e+01
-9.913206373449999376e+01 1.917512008410000135e+01
-9.913213271710000640e+01 1.917550144630000020e+01
-9.913216118619999406e+01 1.917583695469999938e+01
-9.913224943909999354e+01 1.917621495370000062e+01
-9.913231092329999683e+01 1.917639490050000006e+01
-9.913241430850000313e+01 1.917653701480000095e+01
-9.913250219340000058e+01 1.917666933419999964e+01
-9.913250485849999905e+01 1.917677229590000110e+01
-9.913243851350000568e+01 1.917697361329999950e+01
-9.913232562669999481e+01 1.917721708239999856e+01
-9.913229567019999422e+01 1.917746764969999873e+01
-9.913229585930000098e+01 1.917770387850000091e+01
-9.913232622179999964e+01 1.917796156220000015e+01
-9.913240180789999556e+01 1.917821205339999935e+01
-9.913239455679999423e+01 1.917853221900000094e+01
-9.913224311560000501e+01 1.917875631189999908e+01
-9.913215790259999949e+01 1.917900705910000170e+01
-9.913207270120000203e+01 1.917927255229999872e+01
-9.913197979779999969e+01 1.917961915620000113e+01
-9.913186366950000661e+01 1.918005425269999975e+01
-9.913162322649999680e+01 1.918039358749999934e+01
-9.913147587900000701e+01 1.918062963199999871e+01
-9.913128683159999355e+01 1.918125329869999973e+01
-9.913104843969999536e+01 1.918180745060000092e+01
-9.913080019219999883e+01 1.918210255219999993e+01
-9.913049751910000396e+01 1.918230921460000005e+01
-9.913033464420000485e+01 1.918255264389999937e+01
-9.913025730539999358e+01 1.918295084520000060e+01
-9.913024209460000691e+01 1.918335637650000081e+01
-9.913019577740000443e+01 1.918370294569999857e+01
-9.913010123210000302e+01 1.918393375839999848e+01
-9.912997130889999653e+01 1.918411664039999920e+01
-9.912986759839999706e+01 1.918415217380000115e+01
-9.912977217009999720e+01 1.918416406300000077e+01
-9.912968092500000239e+01 1.918422322809999869e+01
-9.912959385850000160e+01 1.918431785010000112e+01
-9.912951513410000359e+01 1.918446762800000016e+01
-9.912942953559999637e+01 1.918454713619999907e+01
-9.912911565929999824e+01 1.918460808809999918e+01
-9.912897045920000494e+01 1.918465153040000004e+01
-9.912886267849999911e+01 1.918478950820000151e+01
-9.912873837840000135e+01 1.918502993790000133e+01
-9.912837366530000338e+01 1.918560937870000060e+01
-9.912786002439999322e+01 1.918604532239999827e+01
-9.912748590280000371e+01 1.918640734699999939e+01
-9.912738581419999662e+01 1.918671426690000104e+01
-9.912725152839999510e+01 1.918699983719999835e+01
-9.912707612660000223e+01 1.918726619179999915e+01
-9.912712125090000370e+01 1.918756439770000100e+01
-9.912726796290000664e+01 1.918786253349999882e+01
-9.912741240050000613e+01 1.918810843669999855e+01
-9.912756965590000391e+01 1.918829127340000085e+01
-9.912773508930000332e+01 1.918847449840000152e+01
-9.912816195999999991e+01 1.918881084679999915e+01
-9.912872843040000248e+01 1.918914524039999847e+01
-9.912934762749999607e+01 1.918981117070000053e+01
-9.912993513840000048e+01 1.919029751100000070e+01
-9.912999595120000151e+01 1.919049030149999879e+01
-9.913000299949999317e+01 1.919073342720000142e+01
-9.913014940220000426e+01 1.919090216809999916e+01
-9.913047718069999803e+01 1.919108309519999978e+01
-9.913067272460000368e+01 1.919131491190000105e+01
-9.913065796899999782e+01 1.919164673790000109e+01
-9.913065830120000044e+01 1.919206723980000007e+01
-9.913059827509999877e+01 1.919229171479999962e+01
-9.913065427460000478e+01 1.919245076549999851e+01
-9.913064154849999454e+01 1.919269558859999947e+01
-9.913077500129999464e+01 1.919294030800000073e+01
-9.913061614599999416e+01 1.919316485319999899e+01
-9.913057769290000465e+01 1.919338520899999878e+01
-9.913047199940000098e+01 1.919366265540000072e+01
-9.913046827269999994e+01 1.919376019170000092e+01
-9.913049116150000373e+01 1.919401253390000051e+01
-9.913027939190000382e+01 1.919433412780000126e+01
-9.913023619969999345e+01 1.919436616879999846e+01
-9.913010380640000108e+01 1.919446803689999825e+01
-9.913007826609999995e+01 1.919451374349999995e+01
-9.913009280149999825e+01 1.919456721950000144e+01
-9.913012338480000096e+01 1.919468023490000164e+01
-9.913002158810000708e+01 1.919491075790000068e+01
-9.912994356810000340e+01 1.919535707849999895e+01
-9.913004733219999309e+01 1.919545909769999881e+01
-9.913012422869999796e+01 1.919558667169999921e+01
-9.913022044209999706e+01 1.919584363759999945e+01
-9.913042616980000332e+01 1.919609613729999964e+01
-9.913045065599999361e+01 1.919620547470000105e+01
-9.913039376720000462e+01 1.919638175989999951e+01
-9.913022321020000049e+01 1.919661141019999917e+01
-9.913002063359999738e+01 1.919674511719999899e+01
-9.912961306169999887e+01 1.919712062969999877e+01
-9.912950592139999628e+01 1.919727100029999889e+01
-9.912947297889999732e+01 1.919737789419999885e+01
-9.912948145199999317e+01 1.919745420920000001e+01
-9.912950772770000185e+01 1.919751339329999951e+01
-9.912954108399999598e+01 1.919765528370000141e+01
-9.912943781639999941e+01 1.919777081650000028e+01
-9.912930894209999622e+01 1.919793755910000144e+01
-9.912927420089999941e+01 1.919800449279999910e+01
-9.912927374630000088e+01 1.919803679110000161e+01
-9.912926961860000574e+01 1.919812687699999998e+01
-9.912929292610000687e+01 1.919816423760000035e+01
-9.912937507969999729e+01 1.919819074890000010e+01
-9.912945706889999542e+01 1.919823655560000120e+01
-9.912948033060000341e+01 1.919826233279999883e+01
-9.912949963089999983e+01 1.919829246919999832e+01
-9.912951248849999786e+01 1.919832551809999899e+01
-9.912951538759999437e+01 1.919836931780000100e+01
-9.912950982910000164e+01 1.919840765960000084e+01
-9.912949839300000576e+01 1.919845585859999915e+01
-9.912947811739999793e+01 1.919852052539999931e+01
-9.912944877270000177e+01 1.919859966619999980e+01
-9.912937793589999558e+01 1.919874213359999970e+01
-9.912927714879999996e+01 1.919890096270000157e+01
-9.912919962600000190e+01 1.919904602160000096e+01
-9.912913996230000180e+01 1.919919099450000033e+01
-9.912911276590000398e+01 1.919932347490000168e+01
-9.912909288080000181e+01 1.919944118700000146e+01
-9.912908463130000314e+01 1.919958491190000061e+01
-9.912908949869999731e+01 1.919967146089999943e+01
-9.912911734109999884e+01 1.919971531199999859e+01
-9.912915271939999684e+01 1.919974365350000056e+01
-9.912928745400000707e+01 1.919980479020000175e+01
-9.912932067670000436e+01 1.919983623879999968e+01
-9.912934006339999371e+01 1.919988205800000003e+01
-9.912933458439999868e+01 1.920003781770000018e+01
-9.912934249410000120e+01 1.920009901190000079e+01
-9.912936018679999961e+01 1.920015838819999843e+01
-9.912940355099999579e+01 1.920022535889999915e+01
-9.912946939809999947e+01 1.920032277050000147e+01
-9.912954002579999724e+01 1.920038210790000122e+01
-9.912954026110000427e+01 1.920068209489999944e+01
-9.912953903759999719e+01 1.920107209200000042e+01
-9.912948065199999803e+01 1.920166159949999951e+01
-9.912946525830000155e+01 1.920181619439999920e+01
-9.912942976060000433e+01 1.920206905959999943e+01
-9.912939621520000344e+01 1.920246496189999874e+01
-9.912939217039999562e+01 1.920251585829999996e+01
-9.912931315000000154e+01 1.920300311640000146e+01
-9.912974728209999853e+01 1.920301665950000114e+01
-9.912991746689999673e+01 1.920304554490000015e+01
-9.913030241090000061e+01 1.920317555780000163e+01
-9.913022848560000000e+01 1.920343225270000076e+01
-9.913019943060000116e+01 1.920351693770000168e+01
-9.913008872310000186e+01 1.920375300959999976e+01
-9.913007965900000329e+01 1.920380018499999863e+01
-9.913008333599999844e+01 1.920384631630000172e+01
-9.913011430710000127e+01 1.920388257890000006e+01
-9.913043844480000644e+01 1.920397032150000172e+01
-9.913050754190000191e+01 1.920399283260000090e+01
-9.913055299869999715e+01 1.920400707670000173e+01
-9.913076566360000186e+01 1.920407773590000033e+01
-9.913083269439999867e+01 1.920412387560000056e+01
-9.913092416839999999e+01 1.920420459800000046e+01
-9.913120689459999824e+01 1.920456548039999944e+01
-9.913121369850000519e+01 1.920480010669999871e+01
-9.913136601540000470e+01 1.920522207490000000e+01
-9.913148513379999827e+01 1.920542820369999859e+01
-9.913156594740000571e+01 1.920552922779999960e+01
-9.913164288049999584e+01 1.920560939090000119e+01
-9.913198002919999396e+01 1.920591453209999955e+01
-9.913227167430000009e+01 1.920623871840000163e+01
-9.913243119599999886e+01 1.920647905579999914e+01
-9.913249956900000370e+01 1.920672347229999843e+01
-9.913252240369999413e+01 1.920700916710000072e+01
-9.913249775490000104e+01 1.920715516019999924e+01
-9.913232300789999840e+01 1.920762747019999850e+01
-9.913232024430000422e+01 1.920770009359999975e+01
-9.913241977149999684e+01 1.920800020629999949e+01
-9.913252514340000232e+01 1.920812488190000167e+01
-9.913270424659999946e+01 1.920823940700000065e+01
-9.913277016130000163e+01 1.920833480969999840e+01
-9.913279665609999824e+01 1.920898402479999945e+01
-9.913276633009999728e+01 1.920925571369999929e+01
-9.913277299950000554e+01 1.920943905769999915e+01
-9.913291569829999617e+01 1.920975237249999878e+01
-9.913291867610000452e+01 1.920985661250000121e+01
-9.913287047180000400e+01 1.920992247059999869e+01
-9.913282147069999439e+01 1.920997932739999925e+01
-9.913287459750000608e+01 1.921002581649999996e+01
-9.913297345949999340e+01 1.921007673380000114e+01
-9.913301433830000065e+01 1.921009500699999961e+01
